"","Shannon","Shannon.se","Inv.simpson","Inv.simpson.se","BP","BP.se"
"ShivSClk1S12",2.140822,0.0676987358499699,4.202887,0.132906956683121,0.399635,0.0126375683272139
"ShivSClk2S15",4.182157,0.132251416524168,21.320607,0.674216792173296,0.177562,0.00561500345894818
"ShivSClk3S16",3.590546,0.113543034036069,10.513775,0.332474758065368,0.28318,0.00895493787806482
"ShivSClk4S17",4.034479,0.127581428121185,24.310939,0.768779392974162,0.134893,0.00426569120413093
"ShivSClk5S18",3.177266,0.100473972922125,8.796272,0.278162544383646,0.29892,0.00945268038177532
"ShivSLimek1S13",3.171257,0.100283951657526,13.017787,0.411658570149303,0.176251,0.00557354599882337
"ShivSLimek2S14",4.025697,0.127303716897069,17.263903,0.545932547842139,0.204344,0.00646192466189447
"ShivSLimek3S19",2.97865,0.0941931835246054,9.045782,0.286052743373532,0.247263,0.00781914261086214
"ShivSLimek4S20",3.241317,0.10249944338624,10.066598,0.318333779692957,0.225464,0.00712979770372203
"ShivSLimek5S21",2.905028,0.0918650514656363,6.404152,0.202517068019226,0.366699,0.0115960405570608
"ShivSLimek6S25",3.694597,0.116833415564251,22.361244,0.707124623547742,0.106511,0.00336817355862194
"SlpClk1S3",4.013633,0.126922219720146,21.039714,0.665334175585319,0.169198,0.0053505105554517
"SlpClk2S4",3.37382,0.106689556154293,10.823408,0.342266213252877,0.254183,0.00803797222494579
"SlpClk3S5",3.471973,0.109793426546078,14.69938,0.464835209923259,0.181607,0.00574291759030199
"SlpClk4S6",3.660359,0.115750714938963,19.082667,0.603446915505323,0.14054,0.00444426502360064
"SlpClk5S7",3.477048,0.109953912137331,18.141369,0.573680459135712,0.12467,0.00394241155893192
"SlpClk6S8",3.92673,0.12417410556513,23.340207,0.738082151798056,0.147596,0.00466739533530212
"SlpClk7S9",3.504694,0.110828155419262,15.357869,0.485658460464925,0.183219,0.0057938935061839
"SlpClk8S10",3.785378,0.119704162846929,22.399059,0.708320438844935,0.116171,0.00367364958059421
"SlpClk9S11",2.868,0.0906941232936291,6.955,0.219936411264711,0.311,0.00983468352312366
"SlpLime1S1",3.783225,0.119636079008905,28.564762,0.903297087406266,0.079809,0.00252378217780378
"SlpLime2S2",4.062256,0.12845981398685,32.626035,1.03172581620372,0.067553,0.00213621342777355
"SlpLime3S22",3.803416,0.12027457449127,19.042946,0.602190827195928,0.136898,0.00432909487121731
"SlpLime4S23",3.601427,0.113887121468272,15.776766,0.49890514671504,0.170596,0.00539471919714085
"SlpLime5S24",4.26084,0.134739591455518,39.089886,1.23613073236329,0.083939,0.00265438424516874
