#OTU ID,ShivSClk1S12Osnat20,ShivSClk2S15Osnat2,ShivSClk3S16Osnat23,ShivSClk4S17Osnat24,ShivSClk5S18Osnat25,ShivSLimek1S13Osnat21,ShivSLimek2S14Osnat22,ShivSLimek3S19Osnat3,ShivSLimek4S20Osnat4,ShivSLimek5S21Osnat5,ShivSLimek6S25Osnat9,SlpClk1S3Osnat1,SlpClk2S4Osnat12,SlpClk3S5Osnat13,SlpClk4S6Osnat14,SlpClk5S7Osnat15,SlpClk6S8Osnat16,SlpClk7S9Osnat17,SlpClk8S10Osnat18,SlpClk9S11Osnat19,SlpLime1S1Osnat10,SlpLime2S2Osnat11,SlpLime3S22Osnat6,SlpLime4S23Osnat7,SlpLime5S24Osnat8
OTU33,2863,198,123,760,2297,507,394,172,786,1559,577,603,1174,755,162,1461,2074,1056,1287,86,913,1016,1125,1908,876
OTU22,10823,4,0,23,333,11,7,4,30,1,4,55,2,30,8,4,7,9,41,43,9,2,86,34,16
OTU4,389,1,28,23,187,3063,48,4,68,2359,283,0,716,211,140,6787,5024,10803,3509,73,297,88,1273,2859,344
OTU31,92,4140,12,564,1332,82,164,4,6,183,2,195,30,491,66,141,23,49,210,414,4,428,573,833,16
OTU89,11,0,0,18,2,3,3,0,2,272,1,1,122,54,0,179,1111,37,40,28,0,234,5,2709,44
OTU35,7994,362,47,981,1011,21,57,43,102,326,327,501,391,164,55,94,200,345,145,84,156,393,120,720,624
OTU3,19759,1248,530,1625,23161,3205,370,7,46,1203,257,2556,498,8210,946,315,371,594,4270,388,139,414,141,3110,433
OTU525,6,23,0,8,24,0,1,0,0,7,4,15,5,10,17,3,10,28,2,7,1,1,25,4,11
OTU368,35,0,6,6,12,24,10,1,23,0,0,5,0,41,3,0,8,0,45,23,1,0,0,0,1
OTU79,814,110,78,941,677,20,65,16,32,48,89,253,39,101,71,6,54,58,19,26,249,394,15,126,143
OTU442,79,1,0,8,6,1,0,2,50,1,6,1,3,23,4,0,2,0,24,7,0,1,0,0,0
OTU132,5,2,1,1,21,4,5,3,2,0,0,2,1,1,25,127,89,482,125,0,1,5,39,4,10
OTU91,61,96,58,294,840,256,38,2,81,179,429,227,191,351,48,113,473,274,432,34,610,192,49,482,403
OTU5,344,0,0,6,32,0,1,11,276,88,6818,1,4267,894,4,4,807,6,62,2,2119,9229,1,5,6059
OTU12,218,410,420,896,334,1239,1290,3,34,2126,3421,78,888,1266,555,4121,2048,1194,580,171,3619,1304,218,5422,1656
OTU149,660,42,2,39,19,1,1,3,1,0,5,88,0,29,7,2,1,0,1,6,8,1,7,18,2
OTU327,30,1,3,7,19,0,0,4,49,3,2,3,1,18,1,2,15,1,150,8,0,2,2,3,4
OTU427,69,1,6,1,4,0,0,3,13,2,1,9,0,21,6,2,2,2,11,4,0,1,5,1,0
OTU574,27,27,19,15,33,24,15,18,31,38,27,33,24,27,20,45,33,19,18,25,37,14,19,20,21
OTU1,713,13,302,8159,8711,15964,2827,20,219,35,975,64,1403,17530,15688,16,991,27,3724,31534,1642,14924,6,18,8395
OTU592,31,25,32,33,42,28,32,43,31,44,28,38,31,38,35,43,35,41,29,27,27,23,30,27,32
OTU34,23,2,2,0,114,114,10,0,4,67,891,5,15,44,62,200,306,22,73,340,1356,30,8,568,268
OTU32,306,10,11,112,4762,17,5,5,25,27,408,63,8,64,40,10,17,2,437,180,270,31,219,233,148
OTU130,52,25,288,361,82,152,607,5,70,185,5804,22,983,1014,4730,333,705,1043,443,3135,4982,665,64,64,1415
OTU630,12,0,1,0,2,1,1,1,0,0,2,0,2,95,1,0,0,1,0,0,0,80,0,0,2
OTU540,22,44,32,39,53,41,20,37,46,43,39,57,33,38,21,55,46,26,18,38,43,28,34,38,43
OTU55,20,3,9,1,93,55,33,0,10,37,500,4,90,67,2,320,772,176,77,3,1356,8,21,152,144
OTU681,19,0,660,3,1,0,2272,1,0,1,1,0,1,1,1,21,1,1,0,0,5,0,0,1,2
OTU241,206,23,45,29,22,17,137,43,34,20,23,63,34,54,81,6,35,3,0,21,20,43,19,65,52
OTU40,25,773,10,3412,381,1,2,2,15,15,0,2848,9,1,15,8,1,0,2,6,0,1946,136,23,61
OTU636,46,39,34,42,73,56,45,44,52,51,45,83,45,31,30,69,44,41,38,49,41,36,59,65,43
OTU480,48,43,36,46,62,62,55,42,41,45,47,74,36,54,33,60,49,51,34,53,46,43,35,62,48
OTU345,350,136,26,160,135,0,23,527,720,395,446,349,520,297,36,150,224,139,46,53,386,52,61,113,893
OTU2,275,136,5,80,15,60,510,8,873,22497,7,4,13137,3812,43,8841,10545,1535,1586,99,48,1123,1942,7705,1294
OTU285,28,5,0,0,0,0,4,0,0,3,1,0,1,4,18,0,1,1,1,0,3,229,3,29,0
OTU449,5,2,0,3,10,4,1,1,19,1,1,4,0,87,1,0,5,0,17,3,1,0,1,1,1
OTU17,36,0,635,812,403,447,109,219,81,45,8,82,1419,422,346,4295,2481,3561,1901,57,6,820,652,10,158
OTU119,88,0,2,57,21,0,29,3,7,5,20,9,4,23,16,1,36,2,8,1,42,110,14,633,42
OTU37,40,5,153,75,1280,549,242,2,8,34,201,2,136,635,317,78,194,76,91,64,405,27,13,59,117
OTU773,261,240,437,374,1137,143,616,0,8,652,509,591,613,630,508,413,260,306,49,243,385,480,365,695,616
OTU15,91,1474,532,1455,966,211,511,23,74,315,13,1629,792,232,942,122,501,1062,362,53,125,867,446,849,1440
OTU579,54,49,39,54,86,40,47,41,58,48,39,61,49,64,45,79,60,52,45,54,63,56,43,65,47
OTU24,29,77,246,18,401,26,464,5,11,18,1412,68,4,847,248,0,98,4,33,18,2412,14,19,771,1237
OTU94,47,1,51,7,28,232,47,0,8,16,61,2,39,50,12,1058,249,109,60,31,55,201,5,176,116
OTU195,10,0,16,2,2,0,59,0,0,0,0,1,0,0,0,0,2,263,47,1,0,0,2,0,0
OTU13,12,0,0,8,43,1,37,2,7,0,4,0,31,14,9,4910,2478,2757,1124,53,4,12,1,2,165
OTU189,6,0,0,1,2,1,0,0,1,1,47,0,41,9,0,1,9,0,0,0,13,124,0,1,62
OTU8,89,3,1,5,4,6367,6,6,55,690,78,0,592,990,117,156,1652,369,187,114,54,2469,127,11013,623
OTU447,2,1,1,0,18,5,5,4,4,2,2,2,13,1,2,3,1,0,2,3,6,3,1,5,4
OTU173,2,0,2,10,18,2,35,0,1,68,2,1,2,5,2,0,4,0,0,0,3,6,823,80,39
OTU729,110,3,0,2,4,93,1,6,25,0,4,6,0,14,1,2,1,4,28,5,1,5,8,9,6
OTU556,35,29,21,36,29,32,28,28,33,34,24,53,39,30,29,43,34,35,28,28,44,25,33,47,37
OTU120,117,0,12,787,402,2333,5,0,13,6,31,5,77,2097,1406,0,56,4,971,7463,70,2002,0,2,454
OTU38,27,436,9,202,2647,0,2,0,4,207,3,1405,1,72,1769,42,1,2,15,116,1,95,2349,80,7
OTU338,48,371,903,1768,647,1352,1109,1,49,336,1895,54,513,2076,2917,814,1211,481,409,3385,1194,646,166,120,1663
OTU384,180,4,0,61,3,0,0,20,32,2,0,0,3,0,0,2,6,2,0,1,0,270,3,28,6
OTU14,169,277,415,418,313,182,473,4,49,1089,3247,90,413,338,668,2962,1419,1331,454,810,3284,1519,922,391,1620
OTU305,82,1,0,0,1,1,0,3,0,0,2,7,0,55,0,1,0,0,1,0,0,9,0,0,0
OTU489,33,34,37,49,67,35,45,36,39,39,40,70,51,38,42,42,45,39,36,40,39,36,36,41,31
OTU443,157,3,1,0,2,7,1,4,35,2,5,2,0,4,0,1,4,3,8,4,0,0,0,1,4
OTU390,2,79,2,3,5,2,26,547,1342,31,2,87,3,8,4,5,3,2,0,2,3,1,9,7,12
OTU100,19,817,243,148,10,13,538,6,8,4,6,1047,1,8,45,6,91,19,6,30,5,60,49,15,104
OTU9,112,468,883,2561,818,2589,1034,13,395,5098,4684,104,6761,4025,3002,3556,3866,1216,834,1893,3811,2425,1979,603,3491
OTU165,33,2,187,12,1,172,2211,0,10,439,4,1,8,87,17,10,194,12,2,1,21,1048,273,1164,30
OTU218,203,1,0,0,0,2,0,0,0,0,1,0,0,2,0,0,1,0,4,0,1,0,1,2,1
OTU99,47,8,10,4,24,10,7,0,129,19,120,34,5,10,6,700,35,28,111,8,17,0,122,29,20
OTU651,27,29,26,22,37,26,29,26,29,31,24,31,17,26,18,39,28,22,26,31,22,19,27,26,24
OTU501,21,16,18,38,42,26,27,36,32,30,22,33,40,36,19,38,26,23,31,31,32,31,18,27,24
OTU144,9,125,211,24,105,4,68,0,3,14,8,497,7,28,13,3,53,78,21,1,10,6,11,21,22
OTU262,11,3,3,4,159,2,5,3,13,5,1,2,71,44,7,4,8,3,6,2,4,1,5,99,2
OTU104,18,9,585,119,1,165,277,0,10,2,12,145,281,70,415,13,19,1,2,10,0,610,3,4,255
OTU563,37,32,50,55,70,55,44,45,56,35,41,75,30,51,31,58,48,52,27,42,45,31,38,40,26
OTU622,4,0,2,4,2,5,9,0,0,0,11,0,3,0,0,2,42,6,0,0,31,0,3,3,0
OTU358,62,1,0,2,4,8,2,2,9,2,2,2,30,15,0,1,4,2,19,3,0,6,2,4,1
OTU208,5,42,3,166,87,37,11,5,4,10,10,30,16,11,8,114,72,75,20,10,34,15,49,6,7
OTU265,7,2,61,45,0,0,88,0,0,2,0,54,0,0,0,14,5,15,1,0,0,0,26,0,1
OTU538,6,9,0,2,0,3,1,0,0,1,1,2,13,7,0,0,3,0,0,1,1,0,7,95,0
OTU11,55,648,905,395,306,346,1271,6,80,280,1059,1377,1543,356,214,6250,3533,7096,3062,106,804,189,912,275,669
OTU83,43,459,0,25,0,7,0,2,10,0,3,440,6,1,11,2,0,2,2,0,0,2209,0,2,240
OTU159,9,1,0,1,59,21,12,1,1,58,977,1,24,31,14,0,39,0,2,6,860,9,22,303,380
OTU60,36,0,896,58,12,39,405,0,7,9,0,0,64,48,16,1289,559,707,222,36,0,4,57,4,3
OTU463,125,0,0,0,0,0,0,3,0,0,1,1,0,0,0,0,0,0,0,1,0,0,2,0,1
OTU438,18,3,1,0,8,0,2,2,19,0,0,5,0,13,4,1,9,1,19,1,0,0,1,0,1
OTU64,175,267,1505,1786,2211,3195,1090,3,22,720,90,295,301,2742,1031,1769,1036,897,599,384,65,328,1121,566,231
OTU677,2,0,0,0,2,0,0,0,0,0,0,0,0,4,0,0,1,0,0,0,1,0,0,6,0
OTU678,13,15,21,24,25,13,22,20,15,18,12,24,14,16,7,27,22,15,15,16,22,15,15,21,16
OTU101,9,0,0,0,0,67,3,0,0,14,3,0,2,9,0,506,187,9,28,0,1,0,28,57,158
OTU160,4,74,26,160,0,0,77,1,4,0,0,0,4,2,1,0,17,0,0,0,1,663,0,1,3
OTU82,11,769,3,934,1,0,3,2,41,1,1,632,2,3,5,1,1,0,3,1,1,121,1,19,1
OTU257,46,2,2,0,7,5,1,2,39,1,1,6,3,5,0,3,18,1,79,3,0,0,1,2,0
OTU633,27,0,0,2,7,7,0,1,9,1,2,0,0,2,1,1,0,0,0,1,0,9,0,0,1
OTU256,11,0,0,0,0,6,7,0,0,19,6,0,1,22,101,1,3,2,0,2,6,5,4,477,0
OTU212,3,0,8,44,1,0,24,0,0,2,0,6,0,1,1,27,87,90,14,0,0,0,38,2,0
OTU475,13,0,46,38,52,9,91,0,2,1,257,0,6,77,99,42,57,1,2,18,627,262,0,1,449
OTU550,12,36,127,31,27,0,91,1,2,3,237,80,3,11,113,2,19,5,1,71,314,43,36,0,228
OTU699,6,63,1,17,57,3,19,0,1,66,2,4,3,5,7,3,2,0,1,63,2,151,212,46,7
OTU349,3,0,3,4,25,2,3,0,0,5,28,1,4,1,1,6,0,1,0,1,81,1,3,9,10
OTU57,21,72,125,42,202,190,110,5,21,388,389,66,809,206,147,1074,2000,2632,1523,46,692,92,500,24,600
OTU62,6,0,0,1,0,0,0,1161,3739,1,3,2,0,2,1,0,0,1,0,1,2,0,0,2,1
OTU116,24,0,78,5,185,622,69,2,12,230,1417,4,390,193,109,387,729,190,74,35,2136,62,195,350,151
OTU176,10,4,1,2,2,2,9,2,7,1,9,1,0,0,0,1,1,0,0,0,7,2,1,2,369
OTU78,21,1,55,15,27,119,91,1,3,1,1,8,68,60,2,816,249,178,73,103,3,4,33,26,4
OTU150,14,363,126,157,98,6,76,1,1,20,14,236,35,27,68,38,19,45,4,21,6,46,23,30,37
OTU28,70,1278,383,719,263,158,117,13,65,3124,1090,2461,1293,1118,232,479,1155,652,190,211,1100,585,434,985,1077
OTU772,13,5,1,0,3,0,2,2,9,1,0,3,0,3,2,0,1,1,7,1,0,3,3,3,0
OTU548,31,21,31,28,39,23,31,28,28,35,35,48,38,33,31,44,31,40,23,39,48,23,23,24,31
OTU712,3,9,0,0,0,0,0,0,0,0,0,0,0,0,0,0,0,0,2,0,0,0,0,0,0
OTU445,31,4,5,8,4,2,3,5,48,4,0,12,1,18,3,2,19,5,35,6,6,1,6,1,0
OTU357,11,0,2,1,2,17,1,0,8,0,1,4,1,12,1,1,10,1,0,5,0,0,0,0,1
OTU30,1,0,0,0,0,0,0,4964,950,0,0,0,1,2,0,0,0,0,0,2,0,0,1,0,0
OTU135,19,39,10,53,149,58,39,1,21,12,19,5,177,33,48,1,122,8,3,1,3,70,13,8,580
OTU456,5,57,10,3,1,0,9,0,5,0,0,63,0,1,0,2,4,0,1,1,0,0,22,4,2
OTU411,24,5,1,4,4,2,5,0,1,2,8,5,1,16,0,4,6,2,2,2,13,3,26,76,7
OTU242,6,174,3,6,0,1,10,2,0,1,0,82,0,0,0,0,1,3,9,0,0,3,5,0,5
OTU658,45,36,45,62,70,83,67,62,50,55,46,81,63,49,46,80,58,64,55,52,66,60,41,57,46
OTU315,4,0,25,0,5,0,135,1,1,0,8,0,2,0,0,13,1,0,0,1,8,0,2,24,3
OTU504,4,4,6,1,1,3,15,3,11,2,2,4,0,1,4,3,2,0,3,5,2,4,27,1,7
OTU161,2,0,759,5,0,2,135,0,0,1,0,0,1,0,4,3,10,2,2,1,1,0,9,1,24
OTU650,10,5,0,0,1,0,0,38,64,0,0,6,0,0,0,0,0,0,0,0,0,0,0,0,1
OTU399,13,1,0,0,1,0,0,1,5,0,1,0,0,14,1,0,0,0,50,0,0,0,0,1,0
OTU326,87,645,48,7937,4258,3392,80,4,48,4190,36,6189,271,3906,899,72,1079,1032,1118,507,18,1596,156,2538,523
OTU462,25,0,0,1,1,0,0,0,0,0,0,0,0,1,0,0,0,1,1,0,0,0,0,1,0
OTU716,21,0,1,3,0,0,5,1,4,3,2,0,2,2,0,0,0,0,0,0,0,1,8,2,0
OTU50,10,0,1079,370,9,3,3158,1,9,7,3,1,1,4,0,4,2,2,1,1,6,6,4,35,2
OTU26,8,0,0,2,14,14,19,0,32,93,3,0,1642,281,0,145,892,3080,674,1,8,11,52,44,152
OTU601,4,0,0,3,2,0,2,0,0,1,0,2,0,0,0,2,0,0,0,0,1,6,0,3,0
OTU29,28,506,6,129,7,9,20,494,680,221,4,810,14,21,161,1,95,5,12,17,13,45,4023,163,23
OTU320,1,1,0,0,0,0,0,0,0,0,0,0,5,1,0,0,48,4,0,0,5,11,0,0,42
OTU520,30,35,20,33,43,30,33,29,46,40,30,67,32,35,41,48,31,36,25,37,41,36,31,35,26
OTU490,17,23,22,16,39,17,28,37,27,29,27,33,23,42,24,43,29,39,30,22,24,25,23,35,24
OTU276,6,5,8,6,2,0,37,0,2,1,6,8,15,3,4,291,85,1,12,11,10,3,2,3,5
OTU168,2,188,4,219,6,0,3,0,0,0,0,8,2,0,0,1,1,1,0,0,1,53,7,3,2
OTU236,6,0,0,0,88,1,0,2,0,0,7,0,0,11,0,1,0,0,0,0,66,1,1,46,6
OTU16,9,1,12722,22,29,6,10788,4,39,10,1253,1,401,124,1095,3954,193,764,625,2,2457,12,25,3,325
OTU337,7,55,3,7,23,8,3,3,315,6,4,473,3,40,1,16,39,60,539,24,5,4,8,4,14
OTU485,23,20,21,20,29,26,26,28,34,31,27,30,33,27,31,43,29,19,15,28,28,20,13,29,20
OTU70,14,343,57,20,106,1,15,1,3,17,693,19,3,2,5,197,37,10,23,1,876,2,56,47,24
OTU533,1,0,0,4,0,0,31,0,5,1,0,0,1,5,8,0,0,0,0,1,2,10,0,24,2
OTU170,1,147,6,134,0,0,14,0,0,0,6,106,1,2,53,0,0,0,1,1,2,31,1,1,4
OTU385,9,5,10,14,5,8,13,10,14,7,12,12,10,14,13,15,13,7,8,8,56,4,7,19,5
OTU233,9,0,206,4,0,0,319,0,1,0,76,0,3,0,12,82,48,133,46,0,86,3,0,1,0
OTU474,3,8,5,0,3,12,5,0,1,1,0,1,6,0,1,4,56,10,0,6,3,1,26,1,10
OTU158,7,0,0,0,1,0,1,0,3,30,108,0,10,6,0,153,4,8,3,1,0,0,245,33,4
OTU511,2,1,1,8,1,0,0,10,30,0,0,1,1,1,1,1,0,0,2,0,0,3,1,1,0
OTU260,11,3,1,1,6,1,4,2,17,4,7,1,5,12,0,3,3,4,14,3,202,5,4,29,3
OTU49,19,0,0,381,6,1,7,2,0,330,61,1,167,58,5,8,314,10,36,0,34,118,27,62,1673
OTU576,19,29,22,34,45,32,43,25,32,27,34,52,43,41,29,45,40,36,30,35,49,25,30,28,38
OTU123,9,0,201,56,8,13,209,0,1,1,149,2,0,5,5,193,146,392,148,1,288,2,2,4,41
OTU154,27,16,21,2,9,20,73,0,2,13,7,4,8,0,10,4,16,6,0,3,6,15,297,28,29
OTU333,4,17,27,68,1,0,35,0,1,0,1,0,0,0,0,1,0,0,0,0,1,0,2,1,1
OTU36,10,1,1,2,44,16,61,1,62,346,1,2,1702,373,20,59,1140,732,244,13,2,19,2733,91,443
OTU428,8,0,0,0,0,0,0,0,0,5,0,0,0,2,0,1,0,0,0,2,1,33,0,77,0
OTU644,22,23,25,21,31,36,25,27,34,28,21,39,24,29,18,24,25,22,25,32,32,23,28,24,24
OTU653,15,10,1,2,0,0,1,1,2,0,1,4,1,0,1,0,31,0,1,0,0,2,0,0,6
OTU614,42,29,32,59,65,51,47,55,51,54,42,67,63,37,43,72,61,43,34,42,58,41,48,59,47
OTU627,9,3,6,14,150,8,17,0,0,12,9,8,14,41,25,9,3,2,2,3,12,13,3,37,21
OTU249,4,1011,1,1,0,0,10,0,1,3,2,799,0,1,1,0,125,0,0,1,0,0,40,1,1
OTU455,6,0,3,0,0,1,25,0,0,0,20,0,0,7,18,0,0,0,4,0,154,14,0,5,0
OTU105,8,1,0,0,0,15,0,0,3,1,2,1,1,105,0,0,10,1,0,1,1,125,1,1,1156
OTU401,9,1,100,54,714,287,80,5,24,2067,4,1,1763,407,44,3,572,31,20,5,5,145,68,538,26
OTU479,13,13,16,12,15,22,9,19,10,23,15,28,11,16,18,21,20,13,19,15,22,13,23,25,13
OTU781,1,30,0,1,0,0,0,1,0,0,0,18,0,0,1,0,0,1,0,0,0,0,0,0,1
OTU129,8,2,1,15,22,21,9,0,7,36,12,0,66,38,6,14,154,155,59,1,36,117,11,39,63
OTU702,8,0,0,0,2,2,0,0,4,0,0,2,0,10,1,0,0,0,7,3,0,0,0,0,0
OTU183,43,6,263,6,37,0,125,0,1,29,6,6,17,9,2,567,100,102,103,3,0,1,67,52,3
OTU355,11,0,1,0,9,1,1,0,1,7,1,1,47,8,0,0,12,0,0,0,1,1,2,50,1
OTU483,1,7,0,5,48,0,0,0,0,2,13,1,0,1,0,0,0,0,0,0,71,17,0,8,14
OTU529,6,1,1,0,64,1,0,0,1,0,0,0,0,1,0,1,0,1,1,0,0,1,1,0,0
OTU52,11,7,1,8,38,109,18,2,14,1587,11,9,276,120,67,116,601,197,73,8,3,149,137,53,145
OTU71,29,7,36,3,70,2,220,1,3,32,120,1,2,10,2,878,20,106,76,1,12,3,166,148,25
OTU351,41,0,51,0,0,0,0,0,0,0,0,2,0,0,0,0,1,13,1,2,0,0,0,0,0
OTU41,20,621,413,188,32,34,712,1,10,5,677,1938,54,46,345,464,210,1623,524,153,378,24,8,9,62
OTU225,8,0,1,2,14,1,4,0,4,11,635,0,10,4,30,0,14,0,0,12,820,27,3,119,194
OTU221,4,1,199,3,6,2,0,0,2,8,1,5,11,0,0,208,114,95,20,0,1,1,33,15,4
OTU162,4,0,26,49,0,0,779,0,0,0,0,2,0,0,0,0,0,0,13,2,0,0,0,5,0
OTU366,9,68,1,73,26,3,21,28,229,0,3,53,3,3,10,4,7,1,2,13,18,12,53,10,8
OTU264,3,58,15,88,4,1,19,2,1,1,1,108,1,0,1,0,1,0,0,1,1,5,3,0,1
OTU638,7,0,0,0,1,2,0,0,1,0,1,0,0,10,0,0,0,0,1,1,0,1,0,0,0
OTU45,10,4,1415,844,1524,13,1183,1,3,101,0,194,6,70,297,87,2240,107,29,4,1,12,2222,62,17
OTU437,14,9,1,1,1,1,3,0,1,0,0,7,0,0,0,1,0,0,1,0,0,0,1,0,0
OTU478,5,5,0,1,19,0,0,0,1,3,47,6,1,2,0,27,1,1,1,0,72,9,2,7,14
OTU429,9,8,0,9,26,0,0,1,6,0,0,1,2,0,1,0,0,1,1,0,0,72,0,3,0
OTU460,3,94,1,3,0,0,2,0,0,1,0,16,0,1,0,1,0,0,0,1,0,0,0,0,1
OTU734,4,0,0,4,2,14,0,0,5,1,0,3,1,3,1,1,0,1,0,0,0,0,0,0,0
OTU619,8,1,3,36,0,0,3,3,7,0,0,1,0,1,0,0,0,0,0,1,1,35,11,1,0
OTU649,16,0,71,0,0,0,6,0,1,0,0,0,0,0,0,0,0,0,0,0,0,0,2,1,0
OTU51,3,2,1,273,1,1,106,2,3,4,1175,2,67,9,3,28,354,198,73,1,1744,85,3,7,236
OTU492,4,0,0,42,26,2,32,1,10,8,2,2,49,7,21,5,49,5,0,3,1,824,7,84,120
OTU25,24,436,64,153,453,41,21,11,10,732,3,632,29,58,122,132,124,209,135,119,5,8,7376,140,41
OTU115,5,79,409,54,104,99,409,3,2,1,4,702,17,37,78,33,2,9,11,38,3,138,12,14,28
OTU20,11,2389,29,397,572,0,150,4,3,188,0,2709,0,14,51,369,53,306,217,45,0,2,607,35,0
OTU93,7,25,0,951,0,0,0,0,0,1,1,2,0,0,0,0,0,0,0,1,0,36,1,5,0
OTU151,12,7,74,23,3,59,75,0,2,22,38,6,32,18,3,32,498,181,66,9,43,49,43,13,40
OTU142,4,1,17,85,1,38,104,0,2,2,0,1,88,3,219,0,22,1,0,2,9,217,4,5,359
OTU383,1,1,0,2,1,1,26,0,0,2,0,52,1,0,0,1,2,1,0,0,1,1,4,11,2
OTU344,10,0,1,3,9,7,2,2,117,0,3,10,1,19,0,2,14,0,178,4,0,1,1,2,1
OTU156,4,1,0,9,0,1,0,2,33,0,5,0,0,1,0,1,0,0,1,1,1,9,0,1,455
OTU210,3,12,159,3,1,0,95,0,1,1,1,10,4,0,0,130,25,11,12,1,1,0,2,3,2
OTU56,9,2,8,40,8,7,57,0,6,12,250,0,79,265,669,14,43,3,8,21,1187,76,3,3,392
OTU378,11,0,8,1,0,0,24,0,4,0,0,1,0,7,32,0,7,0,0,1,1,0,0,6,2
OTU202,6,20,34,173,126,128,35,9,10,31,81,41,34,75,23,61,166,72,32,34,126,67,319,164,85
OTU306,6,3,4,9,9,8,0,1,79,1,1,7,0,15,1,1,5,3,140,6,1,0,5,1,4
OTU775,8,7,1,1,11,1,3,1,4,0,1,3,6,2,0,1,0,2,1,0,2,1,4,1,4
OTU518,5,0,0,4,20,1,0,2,0,1,2,0,2,0,0,0,7,4,5,1,1,0,33,77,0
OTU279,7,0,0,0,0,0,2,0,1,0,82,0,0,5,0,0,0,0,0,0,39,1,0,0,1
OTU572,2,0,1,15,2,1,2,0,9,0,5,1,2,3,0,2,14,0,1,1,4,47,7,77,2
OTU287,7,12,11,4,2,0,28,0,7,3,1,11,2,3,0,0,12,1,0,1,3,0,137,2,14
OTU396,1,7,0,1,24,43,9,0,1,1,22,3,55,16,3,170,77,34,28,0,14,6,4,57,44
OTU131,9,0,0,0,11,0,4,0,0,0,0,0,4,0,0,695,0,1,45,0,0,0,0,0,1
OTU146,9,275,26,33,37,0,67,0,0,40,1,907,0,0,7,4,0,0,0,0,0,5,113,1,31
OTU408,6,6,1,0,1,0,0,79,26,0,0,5,0,3,0,0,3,1,0,1,0,1,0,0,0
OTU169,8,0,0,0,0,0,1,0,0,0,175,0,0,5,0,0,0,0,0,0,278,0,0,1,3
OTU606,4,4,1,0,0,4,61,0,0,0,0,4,0,1,0,0,0,1,0,1,0,0,3,1,1
OTU90,2,2,1,5,14,18,2,0,8,247,1,7,79,11,3,12,122,254,82,0,3,24,77,465,52
OTU450,18,6,0,1,4,59,2,2,7,1,1,2,1,3,0,2,1,2,11,2,0,5,1,10,0
OTU693,3,0,0,0,0,1,1,0,0,0,0,0,0,0,0,0,15,3,0,0,0,0,2,0,1
OTU731,9,0,0,0,0,0,0,0,0,1,1,0,0,4,0,0,0,1,0,0,0,0,7,11,0
OTU293,1,0,3,0,23,3,2,0,0,2,1,0,12,0,0,10,15,1,0,0,1,0,64,15,2
OTU63,3,66,3,140,1450,9,1,8,6,7,1,4,0,23,13,8,4,9,17,145,3,145,7,93,7
OTU295,5,38,0,1,1,0,0,1,1,0,0,11,0,3,0,0,3,0,1,1,0,3,0,0,1
OTU314,3,0,1,16,149,0,14,1,1,20,4,1,80,11,46,1,11,24,1,4,3,71,542,58,73
OTU152,4,4,128,197,10,3,231,0,5,8,527,23,95,29,375,290,53,187,108,201,218,10,15,9,116
OTU292,2,176,0,2,0,2,27,0,0,5,1,74,0,8,28,1,2,0,0,0,0,0,26,5,2
OTU690,8,0,2,0,5,10,1,0,9,2,0,2,0,0,0,0,10,3,19,0,1,0,1,4,1
OTU461,2,1,3,0,4,0,6,1,1,2,12,0,6,2,2,1,0,1,1,0,122,0,8,2,10
OTU108,12,2,2,282,1,4,3,2,7,0,59,2,3,0,3,1,0,1,4,114,76,487,0,2,114
OTU657,2,0,6,0,3,5,1,0,10,1,1,0,1,0,0,0,0,1,29,1,0,0,5,6,1
OTU629,14,0,1,0,5,5,0,0,2,0,0,0,2,2,2,0,4,0,0,2,1,0,0,0,0
OTU39,9,7,35,3,12,0,82,1,5,4,662,11,10,11,0,20,74,18,38,0,2907,9,1,23,68
OTU148,5,3,145,1,0,0,214,0,0,0,5,1,0,1,1,47,11,83,24,1,7,0,1,0,0
OTU139,8,7,574,3,44,89,287,1,0,1,0,5,0,5,2,0,70,1,0,0,0,1,4,0,61
OTU561,1,0,6,0,31,34,22,1,36,110,89,0,944,250,168,63,257,7,12,2,21,4,4,0,115
OTU117,4,1,11,7,59,3,6,1,56,3,372,4,2,11,5,3,19,0,76,3,807,5,6,211,256
OTU188,9,2,0,325,0,0,0,4,13,0,0,1,6,0,18,0,0,42,13,0,0,295,1,7,30
OTU530,3,37,0,1,0,0,0,2,0,1,0,3,2,2,0,0,1,1,0,1,1,1,2,0,3
OTU346,1,0,39,0,0,0,23,0,0,0,1,0,0,0,0,0,0,0,0,0,0,0,1,2,0
OTU732,14,1,0,0,2,3,0,1,7,0,1,0,0,6,2,0,0,1,9,1,0,0,0,0,0
OTU174,9,0,1,2,244,2,24,0,1,0,7,6,0,1,1,0,2,0,0,0,42,2,4,51,26
OTU61,9,1,6,0,5,106,48,0,18,276,1155,0,354,89,8,249,828,636,219,2,715,165,41,117,204
OTU284,8,23,178,274,152,75,169,1,4,50,199,91,111,58,13,667,615,625,415,13,86,167,132,121,128
OTU788,1,35,0,0,0,0,1,0,0,0,0,0,0,0,0,0,0,0,0,0,0,1,0,3,0
OTU322,4,18,0,3,0,0,1,1,1,1,1,82,0,0,1,0,0,1,0,0,0,0,0,1,0
OTU733,4,45,1,0,2,0,0,1,1,0,2,4,0,0,0,0,0,0,0,0,0,0,1,0,0
OTU406,7,5,0,50,0,0,1,0,0,0,3,3,0,0,0,0,0,0,0,0,0,0,1,0,0
OTU741,1,81,2,1,1,0,3,0,4,1,0,19,2,1,0,0,0,1,2,0,0,2,6,1,6
OTU80,3,41,4,2,5,4,1,0,19,12,1249,27,361,156,104,66,252,253,101,38,120,121,16,3,274
OTU332,2,144,0,1,0,0,0,1,8,0,0,85,0,0,2,0,1,0,0,0,0,0,1,0,4
OTU95,3,34,3,61,0,0,1,86,906,1,0,74,0,8,5,0,0,1,0,0,0,6,10,0,9
OTU664,1,37,0,5,1,1,5,2,1,0,1,17,1,0,2,1,0,0,3,1,1,8,3,0,0
OTU194,5,1,0,2,2,0,6,0,3,0,232,5,8,141,53,0,3,0,3,176,393,2,3,0,136
OTU425,2,1,1,1,2,1,1,0,12,3,0,0,2,3,0,0,4,0,58,1,0,0,6,2,1
OTU118,6,0,2,0,0,4,0,0,0,48,1,2,0,0,0,0,26,2,0,0,0,0,1237,7,0
OTU655,19,0,0,1,1,0,3,0,1,1,0,1,1,0,9,0,5,0,1,1,0,37,0,64,0
OTU226,1,18,25,125,3,0,27,0,1,1,0,1,2,0,0,10,1,1,17,6,1,219,3,16,1
OTU421,7,58,0,2,0,0,1,0,0,0,0,22,0,0,0,0,0,0,0,0,0,0,1,0,2
OTU334,5,20,3,4,66,18,7,2,23,8,5,7,26,4,1,10,8,1,9,1,3,3,3,3,4
OTU328,7,0,0,0,0,0,6,1,0,3,0,0,1,0,0,1,5,1,0,1,0,0,2,30,0
OTU721,1,30,0,2,0,0,4,0,0,0,0,1,1,0,1,0,0,0,0,0,1,0,0,1,0
OTU271,3,2,75,1,72,0,28,1,0,7,1,3,3,2,0,9,26,14,2,1,0,1,114,23,6
OTU272,1,90,2,1,0,0,5,110,28,0,0,27,2,0,0,0,1,0,0,0,0,1,6,0,0
OTU73,3,0,2,1,8,0,4,3,2,95,3,1,5,19,1,1,2,6,5,16,2,144,5,1590,48
OTU377,4,0,0,2,13,0,2,0,5,1,2,1,0,4,0,0,5,1,0,0,19,0,5,27,19
OTU591,1,7,0,0,0,0,0,0,0,0,0,11,0,0,0,0,0,0,0,0,0,0,0,0,0
OTU573,2,0,3,0,31,0,50,0,0,0,3,0,0,0,3,0,5,2,0,0,3,0,0,0,0
OTU665,6,15,0,2,0,0,2,1,0,0,0,3,0,0,0,0,0,0,0,0,0,3,7,0,0
OTU656,1,0,1,3,1,24,1,0,0,4,1,1,2,17,3,1,3,1,0,1,6,13,16,107,15
OTU766,3,2,0,3,4,4,4,2,6,1,1,5,4,2,2,4,7,0,0,2,4,2,1,2,3
OTU361,5,79,1,10,2,0,1,2,6,0,1,104,1,1,1,1,2,0,0,0,0,0,1,0,0
OTU278,1,1,2,2,3,0,1,115,90,1,0,2,5,4,0,1,4,0,0,0,0,0,2,17,2
OTU316,2,0,0,52,1,0,6,0,0,0,0,8,1,0,2,4,0,0,0,6,0,36,4,11,2
OTU331,3,0,0,1,2,0,0,0,1,0,0,0,0,26,0,0,0,0,0,0,0,62,0,1,2
OTU709,1,7,1,28,2,0,2,0,0,1,0,45,0,1,0,0,0,1,0,0,0,1,0,0,0
OTU263,2,4,1,1,0,0,1,155,113,1,0,8,0,0,0,0,2,0,1,1,0,0,1,0,0
OTU512,2,1,2,0,42,1,3,0,3,18,1,2,2,1,0,85,9,4,2,0,5,2,282,0,2
OTU126,1,61,0,54,1,1,4,66,36,0,0,427,1,0,0,2,1,1,0,0,1,0,1,0,1
OTU661,1,2,0,5,0,35,7,0,0,30,4,0,32,27,6,10,30,15,2,3,5,62,3,384,21
OTU710,5,0,10,0,0,14,17,0,0,0,3,0,28,5,4,6,2,11,4,4,4,45,1,0,47
OTU354,1,0,3,0,0,0,222,0,0,0,0,0,0,0,0,0,0,0,0,0,0,0,0,2,0
OTU223,4,1,2,1,3,1,21,3,4,1,1,4,2,2,46,1,24,7,0,1,1,30,2,85,4
OTU312,1,87,0,7,0,0,1,1,0,0,0,87,0,1,1,0,0,0,0,0,0,0,0,0,0
OTU87,5,197,2000,121,16,53,1347,1,0,20,9,136,13,10,38,100,1032,201,66,1,8,24,165,25,79
OTU393,4,28,0,10,0,0,118,0,0,1,0,60,0,1,0,2,1,0,4,0,0,2,2,2,0
OTU546,1,0,0,0,0,1,0,12,16,29,1,0,11,4,0,2,3,0,1,0,0,0,3,8,1
OTU299,1,0,9,4,0,0,5,0,0,0,0,7,3,0,0,2,6,7,0,0,0,179,1,0,4
OTU68,2,54,3189,103,23,40,1146,1,37,17,4,210,991,142,17,654,811,849,433,5,0,7,219,1,79
OTU330,1,0,91,3,0,0,72,0,0,0,2,1,0,7,0,3,23,7,3,0,0,1,2,0,9
OTU352,2,0,0,12,2,0,9,1,0,0,3,0,4,0,0,0,75,3,0,0,0,150,13,11,48
OTU147,4,5,4,0,363,0,0,1,0,0,0,2,1,0,0,0,0,0,0,0,2,0,0,2,1
OTU240,7,2,40,1277,7,8,319,2,9,16,5178,5,13,95,2410,11,9,3,33,130,2271,32,3,78,1938
OTU441,4,0,24,0,1,0,67,0,0,1,0,2,0,0,0,0,36,3,0,0,0,0,1,0,5
OTU19,1,22,2,1,0,8,11,0,1,999,0,780,20,22,12,6,7,0,0,22,0,2,7845,23,33
OTU545,2,0,25,1,1,4,20,0,0,1,1,0,0,0,0,1,0,0,0,6,1,3,14,10,2
OTU534,1,2,28,2,0,10,76,2,1,8,2,0,0,1,0,2,19,1,2,1,6,2,32,5,14
OTU642,1,2,6,3,5,2,6,0,15,14,29,2,465,149,65,11,118,22,18,11,18,49,1,8,164
OTU415,1,20,8,0,0,0,33,0,0,25,4,0,0,6,5,7,103,7,6,0,3,3,4,13,2
OTU300,1,0,0,0,0,0,0,0,5,0,2,0,1,0,0,113,1,0,1,0,0,0,0,0,1
OTU392,2,0,26,2,0,0,21,0,1,0,97,0,1,0,0,14,18,12,19,2,93,0,0,1,8
OTU217,1,166,6,14,9,2,3,5,1,1,1,108,2,2,1,6,0,1,1,0,0,1,2,1,0
OTU261,1,3,0,1,4,2,3,97,76,1,0,2,23,8,1,1,4,2,2,1,0,1,13,15,1
OTU705,1,2,0,3,0,0,2,2,1,0,0,13,0,0,5,0,2,0,0,3,0,1,12,0,1
OTU711,1,0,0,4,0,1,0,0,1,1,0,3,0,6,1,0,0,0,0,0,0,0,2,0,0
OTU67,1,3,0,1,0,0,0,1617,145,0,0,4,0,0,0,1,0,0,0,0,0,0,1,0,3
OTU643,1,15,2,161,2,0,5,1,42,1,1,20,1,1,6,0,0,0,1,0,1,23,14,8,2
OTU505,1,42,0,97,2,0,2,0,1,0,0,152,0,1,0,1,1,1,0,0,0,0,1,0,1
OTU266,1,215,7,142,11,3,12,1,2,23,1,1049,4,6,36,9,10,4,3,8,0,4,139,15,9
OTU102,2,505,0,3,0,0,0,1,1,0,0,182,1,0,0,0,1,0,0,0,1,0,1,0,1
OTU113,2,5,2,1,2,0,9,0,2,1,368,9,20,5,2,3,21,3,0,0,541,2,2,10,19
OTU134,6,1,3,8,1911,267,10,2,12,1200,30,4,319,647,38,413,491,70,1339,117,34,4,64,2213,8
OTU673,1,0,1,0,0,2,0,1,5,0,0,1,2,0,0,1,1,0,13,0,1,2,0,1,1
OTU290,1,0,117,8,0,0,99,0,0,0,1,0,0,0,0,0,0,0,0,0,0,1,1,0,0
OTU66,2,0,2,4,7,0,35,0,12,2,0,0,15,0,0,129,1255,1153,276,51,1,6,0,4,99
OTU198,1,0,41,1,14,40,79,0,13,69,25,0,102,26,11,335,368,672,194,0,22,23,51,35,20
OTU77,3,0,1066,1162,169,11,2699,0,6,17,38,2,21,3,94,10,3,0,23,2,84,180,10,150,282
OTU140,1,1,2,544,1,0,5,8,2,4,0,3,0,0,0,2,1,0,0,1,0,111,29,24,0
OTU81,2,859,4,30,2,1,29,1,1,0,1,2306,0,2,0,1,3,0,2,2,1,1,4,2,14
OTU201,1,0,207,0,10,1,226,1,2,0,0,1,2,0,1,0,6,1,3,0,2,0,2,20,2
OTU634,1,31,7,0,0,0,4,0,0,35,3,63,0,1,1,0,1,1,0,0,0,0,192,1,3
OTU611,1,19,19,0,0,0,3,0,0,0,0,0,0,0,0,1,5,0,0,0,0,1,0,0,0
OTU662,1,48,0,0,0,0,0,0,0,0,0,21,0,0,0,0,1,1,0,0,1,0,0,0,2
OTU625,2,2,7,2,12,3,10,0,6,1,2,4,9,2,1,1,3,7,1,1,0,1,35,1,6
OTU684,1,24,26,5,5,0,20,17,0,3,0,35,1,3,1,8,10,3,0,0,2,43,30,0,4
OTU715,3,4,0,14,1,0,0,0,1,0,1,72,0,0,0,0,0,0,0,0,0,0,1,1,0
OTU237,1,0,4,1,4,2,88,0,0,0,0,0,8,4,0,51,222,28,17,1,0,22,9,2,0
OTU137,2,0,0,0,0,0,0,0,0,1,0,0,4,2,0,0,394,105,4,0,0,2,0,4,0
OTU376,1,0,47,0,0,1,6,0,2,5,3,2,2,0,0,8,2,0,3,0,0,0,6,0,1
OTU301,1,2,0,13,1,0,0,0,96,1,0,2,1,4,1,0,2,0,35,0,0,0,0,0,0
OTU757,1,0,0,0,2,0,6,0,0,0,1,0,0,0,1,0,0,0,11,0,0,0,1,5,0
OTU84,1,3,0,0,155,8,27,2,3,263,1634,1,4,13,12,2,6,0,20,2,3701,13,20,596,269
OTU417,1,0,0,0,0,0,0,0,0,11,0,0,2,0,0,1,0,0,0,1,0,0,18,72,0
OTU674,2,9,0,0,0,0,0,0,0,0,0,18,1,0,0,0,3,1,0,0,0,0,2,1,0
OTU317,1,158,3,1,0,0,13,0,2,0,0,71,2,0,1,2,0,0,8,0,1,1,0,0,1
OTU193,1,0,0,0,20,0,46,1,0,25,2,0,2,4,1,52,142,59,12,2,7,1,67,128,8
OTU749,3,1,1,2,2,0,0,34,37,1,0,1,2,1,1,2,0,3,1,0,2,1,2,3,1
OTU302,1,55,11,200,0,0,17,0,0,0,4,195,2,2,2,1,0,1,1,20,10,2,1,0,5
OTU718,1,0,25,0,1,0,2,1,1,0,0,0,0,0,0,0,1,0,0,0,1,0,0,2,1
OTU86,1,133,3,11,5,4,13,1,64,1,6,1278,2,16,0,5,22,4,115,8,48,4,11,1,5
OTU553,1,36,0,4,1,11,0,0,2,1,1,22,0,4,0,0,4,3,4,0,1,1,3,1,2
OTU145,1,1,2,8,19,1,27,0,2,34,177,1,40,27,138,548,178,3,28,12,13,3,1,38,21
OTU570,1,0,1,2,0,0,30,1,0,0,0,0,0,0,0,0,0,0,0,1,0,0,2,0,2
OTU631,1,41,0,0,2,3,10,2,1,1,1,2,5,6,0,0,13,2,0,0,1,2,0,0,0
OTU76,0,1073,0,11,0,0,2,3,2,0,0,524,0,1,1,1,1,1,0,1,0,0,1,0,0
OTU65,0,897,78,486,4,0,38,0,0,21,25,705,0,9,60,10,0,0,0,0,1,12,303,0,3
OTU7,0,9615,0,2,0,0,1,4,0,36,1,12794,2,4,0,0,2,0,28,1,1,1,0,3,0
OTU112,0,316,0,30,0,0,0,9,32,0,0,512,0,0,0,0,0,0,0,0,0,0,0,0,0
OTU205,0,14,16,125,19,27,64,0,9,1,2,1,222,87,49,7,156,57,27,1,1,18,13,1,1
OTU269,0,253,12,749,39,1,2,1,4,4,0,854,3,1,4,1,0,0,0,3,3,70,24,1,3
OTU175,0,1133,1,399,3,1,0,5,6,0,0,4,1,1,0,0,0,1,0,0,1,103,0,7,0
OTU706,0,106,0,0,0,0,1,0,1,0,1,264,0,1,0,0,0,0,0,0,1,0,2,1,1
OTU206,0,646,0,5,7,0,8,0,2,0,1,3,1,1,1,5,4,0,4,0,1,0,13,2,3
OTU324,0,144,0,1,1,0,1,0,0,1,1,27,0,0,0,0,0,0,0,0,0,0,1,1,0
OTU535,0,85,0,1,0,0,1,0,0,0,0,122,0,0,0,0,1,0,0,0,0,0,0,0,0
OTU92,0,755,0,0,0,0,1,0,0,1,0,305,0,0,0,0,1,0,0,0,0,0,22,1,0
OTU122,0,216,0,0,0,0,1,1,0,1,0,591,0,0,1,0,0,0,0,0,0,0,0,0,0
OTU197,0,592,0,279,4,0,0,44,22,0,0,11,0,0,0,0,0,1,0,0,0,2,0,0,0
OTU43,0,1438,3,0,4,0,10,0,4,1,3,1575,2,5,1,3,1,21,10,1,3,1,4,2,1
OTU106,0,220,0,646,1,0,1,0,2,7,0,0,6,0,2,1,5,2,0,1,0,3,1,55,0
OTU771,0,31,2,358,60,1,95,0,1,13,35,2,9,42,1073,1,19,0,2,21,25,27,0,3,91
OTU181,0,170,4,310,93,0,5,0,5,5,0,185,1,0,8,4,0,1,1,0,1,32,14,21,0
OTU517,0,1,0,41,0,2,8,0,0,4,5,0,0,3,12,0,0,0,0,0,3,7,18,108,10
OTU124,0,409,0,0,0,0,0,0,0,5,0,342,0,0,0,0,0,0,0,1,0,0,50,0,0
OTU703,0,14,0,0,1,0,1,0,0,0,0,6,0,1,1,0,0,1,0,0,0,0,1,0,0
OTU69,0,585,23,696,15,1,43,1,0,0,0,2631,2,2,1,0,7,0,0,1,1,0,0,1,0
OTU380,0,109,0,0,2,0,1,0,0,0,1,12,1,1,0,0,6,0,0,0,1,0,2,1,0
OTU96,0,507,0,14,0,0,0,0,1,0,0,332,0,0,1,0,0,1,0,1,0,0,1,0,0
OTU185,0,133,5,8,5,0,3,0,0,3,2,184,0,1,2,0,0,0,0,0,0,0,1,3,1
OTU686,0,7,0,0,0,0,0,1,0,0,2,1,0,1,0,0,0,0,0,0,1,0,0,0,0
OTU248,0,162,0,1,0,0,1,1,1,0,0,36,1,1,37,0,0,0,1,52,0,0,4,0,1
OTU458,0,77,0,0,0,0,0,0,0,0,0,0,0,0,0,0,8,0,0,0,0,0,2,0,1
OTU214,0,28,6,1,2,2,4,0,0,25,6,111,5,2,38,0,24,6,4,33,2,15,527,31,17
OTU413,0,26,0,0,1,4,0,0,2,0,0,11,0,0,0,0,1,1,1,0,1,0,0,0,0
OTU133,0,175,1,31,1,0,13,0,0,0,0,287,0,0,0,0,0,0,0,1,0,0,0,0,1
OTU172,0,232,0,0,1,0,1,0,0,4,0,689,0,1,0,0,0,0,0,0,0,0,9,0,1
OTU297,0,116,0,0,0,0,8,0,1,1,0,1,0,10,6,0,0,0,1,0,2,1,5,2,2
OTU407,0,26,1,1,1,0,1,0,0,3,0,57,0,0,0,0,0,0,0,1,0,0,8,0,1
OTU254,0,544,130,728,1,0,43,2,0,1,0,345,1,0,0,1,0,0,1,1,0,0,0,0,0
OTU755,0,70,3,8,0,0,59,0,0,1,1,84,1,0,2,0,0,0,0,0,0,4,12,4,14
OTU381,0,21,0,1,0,2,0,99,0,0,0,16,0,0,0,0,0,2,0,0,0,0,0,1,0
OTU238,0,177,41,2,1,0,115,0,1,4,1,4,3,2,3,0,21,6,5,0,0,5,105,3,3
OTU329,0,125,0,0,1,0,1,0,0,0,0,0,0,0,0,0,0,0,0,0,0,0,1,0,0
OTU452,0,180,3,1,1,0,6,2,0,0,1,9,0,1,0,0,4,2,2,0,0,0,1,3,1
OTU125,0,273,0,0,0,0,10,0,0,0,0,372,0,0,0,0,0,0,0,0,0,0,0,0,0
OTU21,0,704,700,5674,2,0,154,0,0,1,1,96,1,1,1,0,0,0,0,0,0,0,1,0,1
OTU532,0,48,5,3,1,0,5,0,1,2,0,79,0,1,1,0,0,1,1,0,0,0,6,0,1
OTU53,0,254,21,266,4,1,38,18,16,107,0,1179,7,11,21,9,3,1,0,52,1,23,1068,36,8
OTU564,0,20,8,0,1,0,5,2,0,2,0,33,0,2,0,0,4,0,0,0,1,0,31,0,0
OTU720,0,51,0,0,0,0,0,0,1,0,0,27,0,0,4,0,0,0,0,0,0,0,0,0,0
OTU586,0,12,0,0,0,1,1,0,0,0,0,29,0,0,0,1,0,0,0,1,1,0,0,0,1
OTU362,0,26,0,0,0,0,0,0,0,0,0,60,0,0,0,0,0,0,0,0,0,0,0,0,0
OTU528,0,21,8,1,2,0,4,0,1,1,0,36,0,0,1,1,2,0,0,2,0,0,6,1,1
OTU728,0,51,0,0,0,0,0,0,0,0,1,52,0,0,0,0,0,0,0,0,0,0,0,1,0
OTU255,0,64,0,12,0,0,0,0,1,0,1,48,0,0,0,0,0,0,0,6,0,0,0,0,1
OTU204,0,131,0,0,0,0,0,0,0,0,2,51,1,0,0,1,0,1,0,1,1,0,0,0,0
OTU303,0,62,0,0,0,0,0,1,0,0,1,50,0,0,1,0,0,0,0,0,1,0,0,0,0
OTU340,0,32,0,0,0,0,0,50,0,5,0,15,3,0,0,0,2,4,0,0,0,0,1,7,19
OTU228,0,104,0,31,1,0,2,0,0,1,0,163,0,0,0,0,0,1,0,0,0,7,1,0,0
OTU585,0,66,0,0,1,0,0,0,0,0,0,351,0,0,0,0,4,1,0,0,0,0,5,0,1
OTU468,0,54,14,1,0,0,21,0,0,1,0,6,0,6,0,0,4,0,0,0,0,0,0,1,1
OTU789,0,30,0,0,0,0,0,0,0,0,0,11,0,3,0,0,0,0,0,0,0,0,11,0,2
OTU371,0,74,11,1,0,0,24,3,1,0,0,126,1,0,0,0,6,1,0,0,0,0,4,0,0
OTU163,0,99,2,1,0,0,1,0,0,27,2,39,0,7,21,2,0,1,24,0,0,1,644,1,3
OTU369,0,77,9,0,0,0,6,0,1,0,0,131,0,1,0,0,6,2,0,0,0,1,5,2,0
OTU103,0,46,0,15,0,0,0,774,23,0,0,266,0,1,0,0,0,0,0,0,0,1,1,1,0
OTU382,0,30,2,1,0,0,0,0,1,0,0,111,0,1,0,0,0,0,0,1,0,1,0,2,0
OTU498,0,3,9,0,0,0,14,0,0,0,0,4,2,0,0,1,0,1,0,0,0,1,5,0,1
OTU128,0,79,1,503,3,1,10,0,0,1,1,34,0,1,0,0,0,1,0,0,0,0,2,0,0
OTU680,0,34,10,16,0,0,16,0,0,0,0,34,0,0,1,0,0,0,1,1,0,0,7,1,0
OTU178,0,16,1,6,589,0,2,1,0,35,2,26,0,0,2,5,5,1,2,0,2,2,131,0,10
OTU763,0,14,1,0,0,0,2,0,0,0,0,0,0,0,0,0,0,0,0,0,0,0,1,0,0
OTU418,0,7,0,0,0,0,0,10,0,0,0,15,0,0,0,0,1,0,0,0,0,0,0,0,0
OTU668,0,30,11,2,0,2,9,1,0,1,2,30,0,0,0,0,19,1,21,2,0,2,10,1,2
OTU714,0,32,2,6,1,0,4,1,0,1,0,77,0,0,0,0,2,0,0,0,0,1,4,1,0
OTU565,0,24,0,13,0,0,2,1,0,0,1,39,0,0,0,0,0,0,1,0,0,2,0,0,1
OTU671,0,22,0,0,0,0,0,0,0,0,0,17,0,0,0,0,0,0,0,0,0,0,0,0,0
OTU141,0,226,0,30,0,0,9,0,0,0,0,241,1,0,0,0,0,0,0,0,1,18,1,0,54
OTU610,0,73,0,0,2,2,0,4,3,0,0,1,1,2,0,1,2,0,0,0,2,6,10,0,1
OTU459,0,10,0,0,0,0,0,0,0,0,1,9,0,0,0,0,0,0,0,1,0,0,0,0,0
OTU635,0,9,0,26,1,0,9,0,1,0,0,0,0,0,0,0,5,0,0,0,0,4,3,7,7
OTU600,0,43,0,0,0,0,0,1,0,0,0,7,0,0,0,0,0,1,0,0,0,0,0,0,0
OTU252,0,6,0,1,0,0,0,0,1,1,0,196,0,0,0,0,0,0,0,0,0,0,0,0,0
OTU388,0,71,1,0,17,0,1,1,0,1,0,50,0,2,0,0,3,0,0,0,0,30,36,0,4
OTU531,0,26,0,0,0,0,0,0,0,1,0,0,0,2,0,0,0,1,0,0,0,0,0,0,0
OTU608,0,73,2,1,0,0,0,1,0,1,0,17,1,1,0,0,1,0,0,0,0,0,0,2,0
OTU268,0,4,1,28,56,14,2,0,1,16,1,1,1,10,1,2,10,2,10,0,19,41,20,71,23
OTU524,0,46,1,1,0,0,5,4,0,1,0,5,1,0,1,1,1,0,1,0,0,0,0,0,0
OTU342,0,59,0,2,0,0,5,0,4,0,0,6,3,1,1,3,0,1,0,0,3,2,1,4,1
OTU691,0,84,134,37,80,2,47,7,10,45,1,243,3,0,3,422,286,160,86,17,3,7,395,42,43
OTU143,0,74,204,179,3,1,10,0,1,3,5,617,22,5,5,3,2,5,0,1,4,17,21,0,7
OTU389,0,78,7,5,21,0,16,8,3,32,1,96,3,0,5,9,25,5,3,37,0,1,243,39,4
OTU325,0,87,24,69,65,11,19,70,47,9,17,166,16,25,34,3,19,17,18,32,1,8,48,7,14
OTU294,0,152,0,0,0,0,0,1,0,0,0,1,0,0,0,0,0,0,0,0,0,0,0,0,0
OTU379,0,16,0,4,0,0,0,1,3,0,0,152,0,0,0,0,0,0,0,0,0,0,0,0,0
OTU607,0,50,0,0,0,0,0,0,1,0,0,0,0,0,0,0,0,0,0,0,0,0,0,0,0
OTU765,0,6,0,0,0,0,0,0,0,0,0,1,2,0,0,0,1,0,0,0,0,0,1,0,0
OTU166,0,13,6,4,2,6,3,1,0,21,0,7,68,19,143,5,23,119,68,14,7,13,365,0,76
OTU602,0,3,12,16,124,88,78,0,3,1,11,4,3,4,0,54,18,11,5,1,9,40,3,49,69
OTU726,0,15,0,0,0,0,0,0,0,0,0,4,0,0,0,0,0,0,0,0,0,0,4,0,0
OTU258,0,16,1,1,1,0,6,0,0,1,1,133,0,3,0,0,0,0,0,0,0,3,14,12,2
OTU364,0,8,0,1,1,0,1,1,3,1,0,4,9,0,5,0,0,0,0,5,0,4,31,4,3
OTU785,0,26,1,0,0,0,0,4,0,0,0,0,0,1,0,0,0,0,0,0,0,1,0,0,3
OTU259,0,2,278,5,1,0,56,0,1,0,0,1,0,0,0,0,0,1,0,0,0,1,3,0,0
OTU667,0,20,0,0,0,0,0,0,0,0,0,17,0,3,0,0,0,1,1,0,0,0,0,0,0
OTU420,0,36,0,2,0,0,4,0,1,0,0,55,0,0,0,0,0,0,0,0,0,0,1,0,0
OTU588,0,6,1,2,0,0,1,40,8,0,0,10,0,0,0,0,0,0,0,1,1,0,1,0,11
OTU227,0,34,0,0,0,0,0,254,0,1,0,2,0,0,0,0,0,0,0,1,0,0,3,0,0
OTU730,0,10,0,1,2,1,4,1,2,0,2,15,0,3,2,0,0,1,0,4,2,0,1,0,7
OTU779,0,10,0,0,0,0,1,1,0,0,0,14,1,2,3,0,0,0,2,0,0,3,1,1,0
OTU744,0,20,0,1,0,0,1,1,0,1,1,43,0,0,6,0,0,0,0,0,0,0,56,0,2
OTU748,0,39,0,0,0,0,0,0,0,0,0,3,0,0,0,0,3,0,8,0,1,0,0,0,0
OTU235,0,47,0,32,1,1,0,187,239,1,0,213,0,0,0,0,0,0,0,0,0,0,1,0,1
OTU277,0,30,0,2,0,0,0,0,1,0,0,253,0,2,2,0,7,0,0,0,0,1,3,0,0
OTU209,0,1,14,44,311,1,44,1,0,1,0,0,0,0,0,5,0,2,0,1,1,0,21,0,3
OTU111,0,17,654,6,2,0,12,0,1,0,0,6,0,1,0,1,9,0,0,1,0,0,3,2,0
OTU628,0,4,0,0,0,0,0,0,0,0,1,1,0,5,0,0,8,0,0,0,0,0,4,2,2
OTU687,0,19,0,0,2,0,1,0,0,0,1,1,0,6,0,1,0,0,0,0,0,0,1,0,0
OTU597,0,23,1,46,9,0,10,0,0,1,2,18,0,0,12,2,0,0,0,7,3,4,9,2,3
OTU403,0,23,0,0,0,0,0,0,2,0,0,66,16,4,0,0,0,0,0,0,1,0,0,0,0
OTU426,0,19,0,1,0,0,0,0,0,0,0,40,0,0,0,0,0,0,0,0,0,0,0,0,0
OTU484,0,14,9,0,0,0,30,1,0,0,1,36,0,0,1,0,2,0,1,0,0,0,3,1,1
OTU676,0,13,0,0,0,0,0,0,7,0,0,45,1,1,1,1,2,0,0,0,0,0,0,0,1
OTU768,0,32,0,0,0,0,0,0,0,0,1,4,0,0,0,0,0,0,0,0,0,0,0,0,0
OTU391,0,17,66,4,0,0,46,0,1,1,0,30,2,0,2,0,1,1,0,0,0,1,1,0,0
OTU682,0,7,4,0,0,0,5,0,0,0,0,6,0,0,0,0,0,0,0,0,0,0,3,1,0
OTU477,0,8,0,4,14,0,3,0,1,6,3,0,0,14,1,0,2,0,0,2,29,76,2,36,7
OTU444,0,23,3,2,1,0,3,0,1,1,0,18,1,0,0,1,0,0,0,0,0,0,1,2,0
OTU743,0,9,0,0,0,0,0,0,0,2,0,0,1,0,0,0,0,0,0,0,0,0,0,0,0
OTU767,0,24,0,0,0,0,0,0,0,0,0,0,0,0,0,0,0,0,0,1,0,0,0,0,0
OTU784,0,14,0,0,0,0,1,0,0,0,0,14,0,0,0,0,1,0,0,0,1,0,1,0,0
OTU220,0,14,88,20,39,0,182,0,9,2,3,111,164,45,2,0,33,24,4,0,3,1,48,1,123
OTU578,0,31,0,0,0,0,0,0,0,0,0,10,0,0,0,0,0,0,0,0,0,0,0,0,0
OTU231,0,29,0,72,2,0,0,0,0,7,0,225,0,0,0,0,0,0,0,0,0,1,3,0,0
OTU267,0,5,44,55,60,7,202,1,4,4,3,2,1,3,3,2,0,1,2,0,18,68,4,31,7
OTU666,0,11,0,43,19,0,0,0,5,0,0,13,0,0,1,1,0,2,0,0,1,1,0,0,1
OTU701,0,17,0,3,4,4,0,0,0,2,0,24,0,0,0,1,0,0,0,0,1,2,2,1,0
OTU419,0,3,80,2,1,0,181,0,0,0,0,20,2,0,0,0,8,3,2,0,2,0,8,0,6
OTU740,0,7,0,0,0,0,2,0,0,0,3,12,0,0,0,1,0,0,0,0,0,0,0,0,0
OTU97,0,1,1,1,12,3,1,1,3,34,1,1,4,7,3,0,0,3,11,4,1,0,792,41,51
OTU473,0,1,1,0,0,0,0,1,0,3,0,1,2,0,0,13,97,6,0,0,1,166,1,164,2
OTU516,0,4,18,9,5,4,68,0,0,28,62,5,93,53,81,24,13,21,1,64,23,64,4,6,99
OTU493,0,12,0,1,0,0,0,1,0,0,0,41,0,3,1,0,1,1,0,2,0,0,0,3,1
OTU747,0,3,0,0,0,0,1,0,0,0,0,6,0,0,0,0,0,0,0,0,0,0,0,0,0
OTU554,0,3,3,0,0,7,3,0,0,1,1,6,0,5,0,1,9,0,0,0,1,0,4,0,1
OTU707,0,10,2,0,0,1,5,10,0,0,0,24,0,2,0,0,2,0,0,0,0,0,1,0,2
OTU604,0,28,0,1,0,0,1,0,1,1,0,8,0,0,0,1,1,0,0,0,0,0,0,1,1
OTU288,0,6,15,61,0,0,11,0,0,1,0,109,0,0,14,0,2,0,0,0,0,5,104,0,0
OTU464,0,13,0,1,32,4,2,0,8,0,3,1,0,0,0,0,0,0,0,0,0,0,0,0,0
OTU59,0,17,0,93,0,1,1,1777,840,1,0,2,0,0,0,0,0,0,0,0,0,1,0,2,0
OTU708,0,3,0,2,0,0,0,0,0,0,0,11,0,0,0,0,0,0,0,0,0,0,0,0,2
OTU672,0,8,3,3,1,3,46,1,2,17,2,3,7,3,1,46,11,65,2,0,2,34,15,83,13
OTU182,0,2,18,514,19,1,28,0,1,0,2,166,1,2,1,1,4,0,0,2,3,0,1,5,1
OTU577,0,5,4,8,11,10,15,1,8,12,9,1,1,19,1,2,2,2,1,7,29,4,69,158,10
OTU375,0,6,0,0,0,0,0,1,4,0,1,13,30,6,0,0,29,0,0,0,0,0,0,0,0
OTU593,0,37,0,0,0,0,0,0,0,0,0,7,0,1,0,1,0,0,0,0,0,1,1,0,1
OTU386,0,42,3,0,0,0,3,0,0,0,0,46,0,0,0,0,0,0,0,1,0,0,1,0,0
OTU723,0,5,0,0,0,0,0,0,0,0,2,0,1,0,0,0,0,0,0,0,1,0,0,0,0
OTU336,0,4,0,0,148,0,1,0,0,0,1,0,0,0,0,1,3,0,28,0,0,0,1,1,0
OTU216,0,1,1,145,0,0,11,0,0,1,6,0,21,5,4,0,20,0,0,0,8,2,0,0,20
OTU783,0,5,0,8,0,0,0,0,1,1,0,83,0,2,0,0,0,0,0,0,0,0,0,0,0
OTU596,0,4,1,0,1,1,0,7,15,2,0,2,0,2,3,2,0,1,0,0,1,2,0,2,0
OTU750,0,4,0,2,0,0,0,12,8,1,0,1,1,0,2,0,1,1,0,0,0,0,3,5,0
OTU776,0,16,0,0,0,0,0,0,0,0,0,8,0,0,0,0,6,0,0,0,0,0,0,0,0
OTU760,0,5,0,12,0,0,0,0,0,0,0,2,0,0,0,0,0,0,0,0,0,0,0,0,0
OTU595,0,24,0,0,1,0,1,0,1,0,2,20,0,1,1,0,0,0,0,0,1,1,0,0,0
OTU544,0,3,4,0,1,0,13,0,0,0,0,0,0,1,0,1,7,0,0,0,0,0,5,1,3
OTU787,0,15,0,0,0,0,0,0,0,0,0,13,0,3,3,0,0,0,0,0,0,0,0,0,0
OTU247,0,25,1,2,0,0,0,1,0,0,1,135,0,0,0,0,1,0,0,0,0,0,0,0,0
OTU402,0,25,27,4,1,0,37,0,3,0,0,32,0,1,2,0,1,0,0,1,0,0,1,0,1
OTU360,0,7,0,3,5,0,1,23,10,1,6,10,9,2,10,0,3,12,0,1,6,3,12,1,17
OTU497,0,5,0,0,1,0,2,0,0,1,1,1,0,0,1,21,4,41,20,0,2,0,6,3,0
OTU609,0,4,0,26,0,0,0,0,0,0,0,0,1,0,0,0,0,0,0,0,0,4,0,0,0
OTU616,0,5,2,5,4,3,15,0,0,1,5,4,8,12,20,2,4,6,1,6,3,22,1,1,26
OTU539,0,2,16,11,4,0,52,1,2,39,109,5,219,34,36,73,52,66,4,8,75,10,31,6,35
OTU363,0,1,2,0,14,45,7,1,4,4,3,1,13,3,0,2,0,1,0,0,3,0,3,39,3
OTU347,0,6,0,2,0,0,0,21,67,0,0,0,0,0,0,0,0,0,1,0,0,0,0,0,0
OTU250,0,16,0,0,0,0,0,45,100,1,0,8,0,0,0,0,0,0,0,0,0,0,0,1,0
OTU584,0,11,0,4,0,0,1,0,0,0,0,4,0,0,0,0,1,0,0,1,0,1,1,0,0
OTU761,0,10,2,0,4,0,0,0,0,0,0,0,0,2,0,0,0,0,0,0,0,0,7,0,1
OTU506,0,11,1,0,2,0,1,1,5,0,1,8,1,1,1,0,3,0,1,1,0,0,1,0,0
OTU409,0,10,0,18,0,0,2,0,6,0,0,42,0,0,0,0,0,0,0,0,0,2,3,1,0
OTU746,0,14,0,2,0,6,0,1,0,0,0,4,0,0,0,0,3,0,0,0,0,0,0,0,0
OTU219,0,9,0,7,9,1,3,8,23,17,36,35,4,3,7,29,3,10,5,21,11,15,262,8,6
OTU549,0,1,1,0,0,22,1,5,6,0,0,4,0,0,1,0,0,0,1,0,1,0,0,0,1
OTU632,0,3,7,1,1,0,29,0,0,1,0,2,0,0,0,0,1,0,9,0,0,0,14,6,0
OTU215,0,7,243,3,0,0,63,0,0,6,1,9,0,4,10,0,20,6,0,0,0,0,39,4,0
OTU537,0,5,0,0,0,0,5,0,0,0,0,2,0,0,0,0,0,1,0,0,2,0,0,0,0
OTU774,0,6,0,1,0,2,7,0,0,1,3,7,0,0,0,0,14,3,0,0,3,3,4,3,4
OTU471,0,1,26,0,0,0,12,0,0,0,3,3,0,4,0,14,8,4,1,0,0,0,2,0,6
OTU313,0,3,0,0,10,0,1,0,3,2,58,3,17,10,6,56,4,8,18,9,35,2,10,9,17
OTU171,0,8,2,2,11,0,9,3,5,0,365,16,3,2,9,1,4,4,5,0,811,8,11,7,706
OTU510,0,10,0,0,0,0,0,2,0,3,0,0,0,0,0,0,1,0,0,0,0,0,82,3,0
OTU713,0,7,0,0,0,0,0,1,0,0,0,3,0,0,0,0,0,0,0,0,0,1,0,0,0
OTU348,0,1,0,0,0,0,0,0,0,39,0,0,83,10,0,0,12,0,0,0,0,0,1,1,0
OTU762,0,22,10,7,14,2,34,5,1,4,25,18,24,4,10,1,7,8,1,2,35,11,23,10,51
OTU770,0,3,1,5,20,0,1,0,0,2,1,11,0,0,0,1,1,1,1,0,0,0,7,7,1
OTU491,0,13,0,4,0,0,0,1,0,22,1,5,30,8,0,0,17,0,0,0,1,2,5,6,39
OTU318,0,1,76,2,0,0,167,1,0,0,2,1,0,0,0,0,1,0,8,2,0,1,0,0,0
OTU719,0,16,5,0,0,3,12,0,2,2,0,5,1,1,0,1,0,3,3,4,0,2,0,0,4
OTU359,0,1,0,0,2,0,0,83,20,1,2,2,0,0,0,3,0,2,3,0,0,1,8,0,0
OTU72,0,1,1,10,0,58,3,0,12,9,1480,1,11,5,14,10,75,0,8,4,2447,10,6,69,907
OTU652,0,1,0,0,11,1,13,2,2,36,13,2,31,6,1,0,0,1,2,1,4,0,8,17,10
OTU469,0,3,45,2,3,0,28,0,0,0,0,1,1,0,0,0,0,0,0,0,0,0,1,0,0
OTU617,0,6,0,18,2,0,2,0,0,0,0,12,0,0,0,0,0,0,0,0,0,0,5,0,3
OTU199,0,4,2,141,0,0,2,0,0,43,0,21,0,0,3,1,0,0,0,0,0,0,276,0,0
OTU647,0,3,0,0,20,0,1,3,0,2,31,0,0,0,0,35,0,0,6,0,1,0,2,0,0
OTU207,0,2,0,10,0,0,0,198,173,0,0,5,0,0,18,0,0,0,0,8,0,3,1,0,0
OTU560,0,3,0,2,0,0,0,0,0,0,0,20,0,0,0,0,0,0,0,0,0,0,0,1,0
OTU641,0,1,0,0,0,0,1,1,27,1,0,0,0,0,0,0,0,0,0,0,0,0,0,0,0
OTU688,0,1,1,1,0,0,20,0,0,0,0,0,0,3,0,0,0,0,0,0,0,0,0,0,0
OTU470,0,1,0,0,2,0,0,0,1,0,5,0,0,1,0,0,0,0,0,0,7,4,0,10,5
OTU253,0,1,0,0,14,6,3,214,30,1,1,0,13,1,2,1,5,0,0,0,1,3,10,1,6
OTU282,0,1,19,1,0,4,28,0,0,0,0,0,3,1,0,26,38,22,10,0,0,0,3,0,0
OTU759,0,2,0,5,0,0,0,0,0,1,0,0,0,0,0,1,9,1,0,0,0,4,0,9,4
OTU234,0,1,4,4,2,6,3,0,1,17,0,1,10,4,108,0,0,2,1,55,0,8,207,0,17
OTU270,0,6,0,12,0,0,0,158,11,0,0,27,0,0,0,0,0,0,0,0,0,0,0,0,0
OTU127,0,4,0,1,0,0,0,821,639,0,0,7,0,0,0,0,0,0,0,0,0,0,0,0,0
OTU410,0,1,0,0,0,0,0,61,5,0,0,5,0,0,0,1,0,0,0,1,0,0,0,0,1
OTU213,0,1,0,0,0,0,1,0,0,0,0,0,1,0,0,0,0,0,0,0,0,1,0,0,171
OTU283,0,7,0,1,0,0,1,163,13,0,0,10,0,0,6,0,0,0,0,0,1,4,1,0,3
OTU590,0,2,0,7,1,2,0,0,0,0,0,6,2,1,0,0,2,0,0,0,0,40,7,3,4
OTU514,0,1,0,0,1,0,2,1,0,0,1,5,0,1,2,0,0,0,0,0,1,0,7,0,1
OTU186,0,1,0,2,0,0,0,385,8,1,0,1,0,7,1,0,1,0,0,0,0,0,1,2,1
OTU486,0,3,0,1,0,4,0,1,9,1,0,0,0,0,0,1,2,0,0,0,0,1,0,0,0
OTU777,0,2,0,1,0,3,5,0,0,4,0,3,1,2,0,0,3,4,0,0,0,3,7,2,22
OTU654,0,1,0,0,0,0,0,0,0,0,0,0,0,3,0,0,0,1,0,0,6,0,0,0,2
OTU44,0,3,0,2,10,1,19,1,13,80,847,1,405,102,48,48,58,1,27,2,1940,6,9,225,6
OTU558,0,1,0,0,0,0,0,1,0,0,0,22,0,1,0,0,0,0,3,1,0,0,1,0,0
OTU177,0,3,1,0,2,2,10,0,0,4,0,0,73,11,2,0,63,143,30,2,0,1,4,0,3
OTU6,0,1,0,0,1,0,1,13939,11968,7,0,0,2,10,0,2,0,0,0,9,1,3,0,0,1
OTU246,0,4,0,139,0,0,17,0,5,0,0,0,1,7,59,0,0,0,2,16,0,83,2,6,1
OTU200,0,1,385,2,0,0,176,0,0,0,1,3,1,0,0,21,20,11,0,1,0,0,7,4,2
OTU88,0,2,0,2,3,1,4,988,982,1,2,9,0,2,0,3,1,0,1,2,2,1,4,1,2
OTU291,0,3,7,74,0,0,196,0,0,0,0,19,0,0,0,1,1,0,0,0,0,0,2,0,0
OTU494,0,5,0,0,0,0,0,0,0,4,42,0,0,2,1,9,1,0,0,2,0,0,20,1,9
OTU624,0,3,0,7,1,1,22,0,0,1,45,0,13,18,31,1,4,1,0,10,13,25,0,0,52
OTU432,0,1,0,0,0,0,0,0,1,2,291,0,30,5,0,0,8,0,0,1,13,130,0,0,26
OTU481,0,1,54,0,0,0,8,0,0,0,0,0,0,0,0,0,0,0,0,0,0,0,0,0,0
OTU467,0,3,3,3,13,1,5,0,1,0,0,15,6,1,0,1,12,2,0,0,0,0,6,2,7
OTU412,0,1,0,0,1,0,1,0,0,4,0,3,0,0,0,0,56,35,2,0,0,0,59,0,3
OTU27,0,1,7,11,4922,157,61,1,4,57,60,0,0,29,8,5,15,7,0,8,292,3,52,844,34
OTU179,0,2,1,0,22,0,18,1,1,0,106,0,1,2,0,0,0,0,0,0,156,1,1,5,13
OTU515,0,2,0,0,0,0,95,0,0,3,0,5,1,0,0,2,0,1,0,1,0,2,2,5,0
OTU742,0,1,3,0,2,0,121,0,0,0,39,2,0,1,6,4,19,2,0,0,2,1,0,0,1
OTU552,0,1,0,0,0,0,4,0,0,0,0,4,0,0,0,0,0,0,0,0,0,0,0,0,0
OTU18,0,1,31,23,6586,871,138,2,20,37,0,0,1001,205,458,0,397,15,21,49,1,159,3,11,350
OTU508,0,1,0,29,0,0,2,0,0,0,0,8,0,0,0,0,0,0,0,0,0,0,1,0,0
OTU448,0,1,0,0,0,0,0,42,23,0,1,31,0,0,0,0,0,0,0,0,0,0,0,0,0
OTU736,0,1,0,0,0,0,0,206,47,0,1,1,1,0,0,0,0,0,0,1,1,0,0,1,1
OTU457,0,1,0,0,0,1,5,0,0,0,1,0,0,0,0,18,13,3,1,0,0,1,8,1,0
OTU717,0,1,0,4,3,1,2,2,2,1,1,1,2,1,1,0,8,0,0,1,0,1,0,4,2
OTU623,0,1,0,0,3,4,0,0,1,0,0,0,3,1,0,2,4,0,0,0,0,0,4,0,17
OTU488,0,1,9,259,43,0,203,1,1,0,10,1,2,137,4003,0,1,0,2,12,0,6,0,0,22
OTU398,0,1,0,0,0,0,0,16,118,0,0,0,0,0,0,0,0,0,0,0,0,0,0,0,0
OTU310,0,1,2,7,5,1,2,62,22,5,4,0,4,2,2,0,2,1,5,2,3,0,3,2,3
OTU286,0,1,0,0,1,0,0,17,108,0,0,0,0,0,0,1,0,0,0,0,0,0,0,0,0
OTU786,0,1,0,0,0,0,3,0,0,0,0,0,0,0,0,0,0,2,2,0,0,0,0,0,1
OTU434,0,1,7,0,1,0,33,0,0,1,0,1,0,0,0,1,8,0,0,0,0,0,12,3,1
OTU109,0,1,30,3,0,2,31,0,3,2,35,13,165,43,582,0,1,15,7,13,2,2,100,4,85
OTU466,0,1,3,0,4,0,31,0,0,4,0,0,0,1,1,0,29,0,0,0,0,0,32,42,2
OTU243,0,1,1,0,2,0,0,184,216,0,6,5,0,0,0,0,1,1,0,0,0,0,3,2,2
OTU85,0,0,49,0,2,74,112,0,8,3,1,0,227,49,63,760,23,26,84,10,0,0,9,3,66
OTU323,0,0,61,1,0,0,60,0,0,0,0,0,0,0,0,0,0,2,7,1,0,0,1,0,0
OTU239,0,0,287,3,0,0,1,0,0,0,0,0,0,0,0,0,0,0,0,0,0,0,0,0,0
OTU280,0,0,164,5,0,0,23,0,0,0,0,1,0,0,0,1,2,2,0,0,0,0,0,0,0
OTU196,0,0,126,0,0,0,47,0,0,0,0,1,0,0,0,0,7,0,0,0,1,0,1,0,0
OTU155,0,0,30,9,24,16,43,1,3,3,2,2,38,7,4,4,17,38,1,0,20,37,85,5,70
OTU121,0,0,317,3,26,285,156,2,1,11,7,0,15,59,5,128,312,90,23,1,12,0,59,78,8
OTU543,0,0,5,0,0,0,11,0,0,0,0,0,3,0,0,0,7,0,0,0,3,0,0,1,10
OTU180,0,0,334,2,0,0,973,0,0,1,0,0,1,0,1,0,1,0,12,0,1,0,1,5,2
OTU400,0,0,67,0,0,0,295,1,0,0,0,0,0,0,1,0,0,0,0,1,0,0,1,0,0
OTU423,0,0,8,1,0,0,3,0,0,2,0,0,0,6,1,0,1,0,0,0,0,0,46,0,0
OTU725,0,0,8,0,1,0,13,0,0,1,0,0,1,0,0,1,0,1,0,0,0,0,1,0,0
OTU659,0,0,19,0,0,0,26,0,0,0,0,0,0,1,0,0,0,2,0,0,1,2,0,2,3
OTU422,0,0,40,2,2,0,23,1,1,3,0,0,0,0,0,0,41,2,0,0,1,2,39,11,0
OTU769,0,0,8,0,0,0,20,0,0,0,0,0,13,1,0,24,34,8,19,2,0,0,2,0,1
OTU339,0,0,44,0,0,0,181,0,0,0,0,0,0,0,0,0,0,0,0,0,0,0,0,0,0
OTU367,0,0,15,0,5,6,23,0,0,1,0,0,0,0,7,0,1,0,0,0,0,0,0,0,0
OTU778,0,0,4,18,11,0,27,0,0,1,0,0,0,0,0,0,0,0,0,0,3,1,0,9,0
OTU764,0,0,14,0,1,0,38,0,0,0,0,0,3,1,0,1,5,1,0,0,0,0,0,0,0
OTU157,0,0,1,1,0,0,0,0,0,149,0,0,1,1,0,1,0,0,0,1,0,0,254,0,0
OTU663,0,0,2,1,1,0,7,0,0,0,16,0,2,5,10,2,2,0,0,0,22,7,0,0,39
OTU669,0,0,1,0,0,0,0,0,5,1,0,0,0,0,0,0,0,0,0,0,0,0,2,0,0
OTU298,0,0,8,0,14,0,29,0,5,5,14,0,2,8,0,40,34,70,22,0,52,1,4,25,3
OTU414,0,0,28,0,2,0,0,0,0,0,4,4,1,13,1,1,1,2,12,2,1,0,0,1,0
OTU430,0,0,31,1,0,0,44,0,0,0,0,1,0,0,0,0,5,0,5,0,0,0,1,0,0
OTU507,0,0,1,6,1,0,1,33,11,3,0,0,0,0,3,0,0,0,11,1,0,1,74,14,0
OTU581,0,0,4,7,9,0,0,0,0,1,0,0,0,1,0,9,11,1,10,0,9,1,1,2,4
OTU523,0,0,9,0,11,9,42,2,0,0,1,0,0,0,0,0,0,0,0,0,0,0,0,0,2
OTU274,0,0,7,3,19,4,41,0,0,3,0,0,1,0,3,0,0,0,0,1,0,26,32,3,2
OTU153,0,0,4,7,0,0,0,283,200,0,0,7,0,2,3,0,1,4,11,0,1,0,0,1,0
OTU440,0,0,1,16,5,1,3,0,0,0,1,0,1,0,0,0,0,0,0,0,0,4,0,1,0
OTU499,0,0,4,1,1,0,2,14,7,0,1,4,0,0,0,0,0,0,1,2,0,0,1,0,0
OTU527,0,0,13,0,0,0,155,0,0,1,1,0,0,5,0,0,1,0,0,0,0,0,0,1,0
OTU370,0,0,10,0,1,0,14,0,0,0,0,0,0,0,0,0,0,0,0,0,0,0,1,0,0
OTU232,0,0,2,0,4,0,39,0,0,0,52,0,0,2,0,0,3,0,0,0,140,2,0,6,23
OTU211,0,0,2,218,0,0,0,0,0,0,0,7,0,1,0,0,0,0,0,0,0,0,0,0,0
OTU758,0,0,9,2,0,0,17,0,0,0,0,0,1,0,0,1,1,0,0,0,0,1,1,1,0
OTU724,0,0,1,17,0,0,0,6,12,2,0,1,0,0,0,0,0,1,4,2,1,1,0,0,1
OTU522,0,0,3,1,0,0,65,0,1,0,0,6,0,0,0,0,0,0,0,0,0,0,0,0,0
OTU107,0,0,6,897,0,0,1,0,0,0,1,0,0,0,0,0,1,0,0,0,0,0,1,1,0
OTU164,0,0,2,571,0,0,0,0,0,0,0,0,0,0,0,0,0,0,0,1,0,0,0,0,0
OTU754,0,0,2,1,2,1,1,1,1,1,0,2,1,0,2,0,6,2,24,2,0,0,5,4,1
OTU603,0,0,1,0,0,0,4,0,0,2,0,0,1,0,0,2,0,0,0,0,2,0,0,3,1
OTU626,0,0,1,0,0,0,0,0,0,0,0,0,0,0,0,0,0,0,0,0,0,0,6,0,0
OTU224,0,0,3,338,1,0,5,0,1,5,0,0,5,1,3,2,76,1,0,1,0,59,0,134,8
OTU605,0,0,1,0,0,1,11,0,0,0,0,0,0,0,0,0,1,0,0,0,0,0,2,0,0
OTU582,0,0,2,95,2,0,7,0,0,0,0,0,0,0,10,3,0,0,0,1,0,0,3,0,1
OTU353,0,0,2,1,0,0,209,0,0,0,0,1,0,0,0,0,0,0,0,0,0,0,0,9,1
OTU675,0,0,3,0,1,0,1,0,9,1,0,0,2,9,0,1,1,0,0,0,0,0,0,0,1
OTU273,0,0,1,1,217,0,3,0,1,3,46,0,3,1,0,8,6,4,11,0,86,3,1,4,9
OTU192,0,0,5,0,2,1,4,2,0,1,54,2,1,0,2,1,1,1,0,0,436,1,4,0,0
OTU683,0,0,1,0,0,0,2,0,0,0,0,0,0,0,0,0,11,4,5,0,0,1,10,0,0
OTU645,0,0,1,0,0,0,0,0,12,0,0,0,0,0,0,0,0,0,0,0,0,0,0,0,0
OTU557,0,0,1,1,1,1,3,0,0,1,1,2,16,4,0,1,15,0,0,1,1,0,3,4,2
OTU321,0,0,2,1,0,0,207,0,1,0,0,0,0,0,0,0,0,0,0,1,1,0,0,0,0
OTU394,0,0,1,6,0,0,0,0,0,1,0,0,1,1,0,1,14,1,0,0,0,0,62,1,1
OTU637,0,0,3,0,0,0,25,0,0,0,1,0,0,0,0,0,0,0,0,0,0,0,0,0,1
OTU373,0,0,1,0,26,1,0,0,2,1,1,0,0,0,0,69,0,0,0,0,0,0,5,0,1
OTU722,0,0,2,0,0,0,2,0,0,0,0,0,0,0,0,2,0,2,0,0,0,0,0,1,0
OTU387,0,0,1,20,1,0,2,0,0,8,0,3,0,1,1,0,2,0,0,0,0,0,62,18,0
OTU704,0,0,3,4,0,4,1,0,0,0,0,0,0,0,0,0,0,0,0,0,1,0,0,0,0
OTU476,0,0,1,51,0,0,0,0,0,0,2,0,0,0,0,0,0,0,0,0,0,0,0,0,0
OTU335,0,0,3,1,4,0,27,0,0,0,7,0,2,0,0,2,82,108,48,0,21,1,2,5,6
OTU281,0,0,1,11,10,23,12,0,0,1,1,0,1,71,111,0,0,1,4,222,5,90,0,0,24
OTU138,0,0,1,2,0,10,0,1,30,9,0,0,0,16,2,1,5,4,7,10,0,3,3,942,1
OTU465,0,0,1,6,2,0,6,0,0,0,2,0,1,0,0,20,20,8,0,1,1,0,0,0,3
OTU756,0,0,0,47,0,2,9,0,0,2,1,0,4,0,3,0,23,1,0,1,10,4,1,21,3
OTU495,0,0,0,55,0,0,0,1,0,0,0,0,0,0,0,0,0,0,0,0,0,4,0,0,0
OTU618,0,0,0,71,0,0,0,0,0,0,0,0,0,0,0,0,0,0,0,0,0,5,0,0,0
OTU167,0,0,0,9,15,0,1,0,0,4,237,0,16,4,1,5,63,1,0,2,205,1,9,52,131
OTU416,0,0,0,82,0,0,0,0,0,0,2,0,1,0,0,1,7,0,0,0,0,14,0,0,0
OTU727,0,0,0,70,0,0,0,7,12,0,0,0,0,0,0,0,0,0,0,0,0,0,0,0,0
OTU503,0,0,0,26,0,0,0,0,0,0,0,0,0,0,0,0,1,0,0,1,0,0,0,0,0
OTU598,0,0,0,43,0,0,0,0,0,0,0,1,0,0,0,0,0,0,0,0,0,0,0,0,0
OTU487,0,0,0,11,0,0,1,22,77,0,0,2,0,0,0,0,0,0,2,0,0,7,0,5,0
OTU435,0,0,0,3,10,3,1,1,0,3,2,1,17,3,0,1,33,0,1,0,1,5,3,5,2
OTU58,0,0,0,2,0,0,0,1336,738,0,0,3,0,2,1,0,0,0,0,2,0,0,3,0,0
OTU509,0,0,0,3,0,0,1,0,35,0,0,1,1,0,0,0,0,0,0,0,0,1,0,0,0
OTU395,0,0,0,1,0,0,0,0,0,3,0,0,0,7,0,1,2,1,0,0,1,0,36,109,0
OTU365,0,0,0,2,0,0,22,0,1,0,2,1,2,1,0,5,11,1,1,1,13,8,1,1,42
OTU575,0,0,0,1,0,0,4,0,0,2,11,0,1,1,4,0,0,0,1,9,2,0,0,0,3
OTU404,0,0,0,2,0,0,0,38,14,0,0,1,0,0,0,0,0,0,0,0,0,0,0,2,1
OTU187,0,0,0,14,0,0,0,0,0,0,50,0,0,0,1,1,6,1,0,0,43,62,0,0,69
OTU472,0,0,0,3,7,0,1,0,4,2,2,1,1,4,0,0,0,0,0,0,12,1,1,19,5
OTU319,0,0,0,1,0,0,0,1,0,0,1,0,0,0,138,0,0,0,0,2,0,16,0,1,0
OTU397,0,0,0,2,0,0,151,0,0,6,0,5,0,0,1,8,2,2,0,0,0,1,4,2,0
OTU10,0,0,0,1,0,0,1,9828,9592,5,0,0,0,8,0,0,1,1,2,4,2,1,1,0,2
OTU343,0,0,0,2,1,0,127,0,0,1,0,0,0,0,1,1,0,0,0,0,0,0,0,0,0
OTU431,0,0,0,2,3,0,0,0,1,1,87,0,1,0,0,0,0,0,0,0,101,1,0,1,6
OTU307,0,0,0,1,0,0,0,0,0,0,1,0,0,4,104,0,0,1,0,15,0,0,0,1,5
OTU547,0,0,0,2,0,28,3,0,0,0,1,0,0,1,3,0,0,0,0,0,0,0,0,1,0
OTU621,0,0,0,1,1,0,0,9,22,2,0,1,1,1,1,0,0,0,0,0,0,1,0,1,0
OTU513,0,0,0,1,0,0,20,1,0,0,6,1,1,0,4,0,1,1,0,0,21,2,1,1,2
OTU559,0,0,0,1,0,0,0,0,0,1,0,0,2,0,0,0,6,25,0,0,0,0,0,2,1
OTU289,0,0,0,0,62,0,0,0,0,2,1,0,1,0,1,0,0,0,0,0,1,0,0,0,0
OTU500,0,0,0,0,2,0,42,0,0,0,0,1,0,0,0,0,0,0,0,1,0,0,0,0,1
OTU433,0,0,0,0,9,0,0,0,0,0,6,0,0,1,3,0,1,0,0,0,22,5,2,22,28
OTU562,0,0,0,0,2,0,1,0,0,0,0,0,0,0,0,2,18,7,0,0,0,0,0,0,0
OTU567,0,0,0,0,2,0,2,0,0,0,9,0,3,0,0,40,0,0,0,0,0,0,0,0,6
OTU696,0,0,0,0,2,0,0,0,0,0,0,0,0,4,1,0,5,0,0,0,0,0,0,0,0
OTU46,0,0,0,0,1,22,0,0,35,64,21,0,1450,245,7,2,1277,26,9,1,17,9,9,197,52
OTU587,0,0,0,0,3,0,3,0,0,1,157,1,2,5,24,3,2,1,3,1,6,5,0,1,18
OTU526,0,0,0,0,1,0,1,81,22,0,0,0,0,0,0,1,0,1,0,0,1,0,0,1,0
OTU569,0,0,0,0,1,0,2,1,0,0,0,0,0,7,0,0,0,0,0,0,0,0,2,0,1
OTU555,0,0,0,0,1,0,0,1,0,1,0,1,0,1,1,0,5,0,0,0,0,2,1,41,1
OTU311,0,0,0,0,1,0,1,0,0,0,2,0,1,124,0,1,0,0,2,0,3,0,0,0,0
OTU583,0,0,0,0,1,0,3,0,0,1,2,0,14,1,0,0,5,3,0,0,2,7,22,12,10
OTU424,0,0,0,0,1,0,3,0,1,0,0,1,1,2,0,0,7,0,1,1,0,0,57,0,0
OTU735,0,0,0,0,1,0,2,0,0,0,0,0,0,0,0,0,0,0,0,1,0,0,0,3,0
OTU190,0,0,0,0,1,0,0,301,146,0,0,0,0,0,0,0,1,0,0,0,2,0,0,0,0
OTU566,0,0,0,0,2,0,5,0,0,1,0,0,0,1,0,0,0,0,0,0,0,0,14,3,0
OTU695,0,0,0,0,1,1,2,0,1,0,0,0,2,0,0,0,0,0,0,0,0,1,0,0,0
OTU519,0,0,0,0,0,1,14,0,0,1,0,1,0,0,0,0,0,0,0,0,0,0,13,0,4
OTU542,0,0,0,0,0,2,0,0,0,0,6,1,0,0,0,0,0,0,0,0,1,1,0,0,9
OTU694,0,0,0,0,0,7,1,0,1,0,0,0,0,0,0,0,20,0,0,0,0,1,0,4,3
OTU191,0,0,0,0,0,3,0,0,1,2,118,0,1,1,0,0,1,0,0,1,231,0,0,7,11
OTU580,0,0,0,0,0,1,0,16,8,0,0,0,0,0,0,0,0,0,0,0,0,1,0,0,0
OTU482,0,0,0,0,0,2,3,0,0,3,3,0,0,6,26,0,1,0,0,0,3,2,4,185,0
OTU23,0,0,0,0,0,1,0,3419,3596,1,0,0,0,1,0,0,1,0,0,2,2,0,0,0,0
OTU752,0,0,0,0,0,4,0,0,0,0,1,0,2,1,0,0,0,1,0,1,0,0,0,0,1
OTU521,0,0,0,0,0,0,16,0,0,0,0,0,0,1,0,0,8,0,0,0,0,1,0,2,2
OTU599,0,0,0,0,0,0,36,0,0,0,0,1,0,0,1,0,0,0,0,0,0,0,0,0,0
OTU405,0,0,0,0,0,0,4,0,0,0,0,1,2,2,1,3,21,2,4,0,0,0,3,23,0
OTU454,0,0,0,0,0,0,8,0,0,3,0,1,1,5,90,0,0,3,4,0,0,1,43,6,0
OTU229,0,0,0,0,0,0,4,0,0,315,0,0,0,0,0,0,0,0,0,0,0,0,2,2,0
OTU594,0,0,0,0,0,0,3,0,0,0,0,0,0,0,0,0,0,0,0,0,0,0,0,0,0
OTU308,0,0,0,0,0,0,3,0,1,2,1,0,12,1,0,1,10,27,0,0,0,11,0,1,27
OTU648,0,0,0,0,0,0,1,312,127,0,0,0,0,1,1,0,0,0,0,0,0,0,0,0,1
OTU679,0,0,0,0,0,0,2,0,0,4,3,0,0,0,0,0,0,0,0,0,1,0,22,0,1
OTU47,0,0,0,0,0,0,0,2220,1475,0,0,0,0,1,0,0,0,0,0,0,0,0,0,0,0
OTU54,0,0,0,0,0,0,0,1141,801,0,0,0,0,0,1,0,0,0,0,3,1,1,0,1,0
OTU42,0,0,0,0,0,0,0,1616,1434,1,0,0,0,1,0,0,1,0,0,0,0,0,0,0,0
OTU98,0,0,0,0,0,0,0,678,351,1,0,0,0,1,0,0,0,0,0,1,0,0,0,0,0
OTU745,0,0,0,0,0,0,0,64,35,0,0,0,0,0,1,0,0,0,0,0,0,0,0,0,0
OTU222,0,0,0,0,0,0,0,309,0,0,0,0,0,0,1,0,0,1,0,1,0,0,0,0,0
OTU110,0,0,0,0,0,0,0,343,1658,0,0,0,0,1,0,0,0,0,0,0,0,0,0,0,0
OTU356,0,0,0,0,0,0,0,70,4,0,0,0,0,0,0,0,0,0,0,0,0,0,0,0,0
OTU75,0,0,0,0,0,0,0,1179,604,0,0,0,0,1,1,0,0,0,0,0,0,1,0,0,0
OTU114,0,0,0,0,0,0,0,306,390,0,0,0,0,0,0,0,0,0,0,0,1,0,0,0,1
OTU304,0,0,0,0,0,0,0,158,375,0,1,0,1,0,2,0,0,0,0,1,0,0,0,0,0
OTU374,0,0,0,0,0,0,0,59,49,0,0,0,0,0,1,0,0,0,0,0,0,0,0,0,0
OTU309,0,0,0,0,0,0,0,35,107,0,0,0,0,0,0,0,0,0,0,0,0,0,0,1,0
OTU502,0,0,0,0,0,0,0,40,2,0,0,0,0,0,0,0,0,0,0,0,0,2,0,0,0
OTU136,0,0,0,0,0,0,0,282,149,0,0,0,0,0,0,0,0,0,0,0,0,0,0,0,0
OTU244,0,0,0,0,0,0,0,209,10,1,0,1,0,0,0,0,1,0,0,1,0,3,5,93,0
OTU296,0,0,0,0,0,0,0,4,244,0,0,0,0,0,0,0,0,0,0,0,0,0,0,0,0
OTU451,0,0,0,0,0,0,0,25,32,1,0,0,0,0,0,0,0,0,0,0,0,0,0,0,0
OTU446,0,0,0,0,0,0,0,64,77,0,0,0,0,0,0,0,0,0,0,0,0,0,0,0,0
OTU350,0,0,0,0,0,0,0,66,19,0,0,0,0,0,1,0,0,0,0,0,0,0,0,0,0
OTU341,0,0,0,0,0,0,0,36,127,0,0,0,0,1,0,0,0,0,0,0,0,0,0,0,0
OTU453,0,0,0,0,0,0,0,4,36,0,0,0,0,0,0,0,0,0,0,1,0,2,0,0,0
OTU536,0,0,0,0,0,0,0,14,25,0,0,0,0,0,0,0,0,0,0,0,0,0,0,0,0
OTU697,0,0,0,0,0,0,0,2,1,1,0,0,5,0,1,0,1,0,0,1,4,0,0,1,1
OTU780,0,0,0,0,0,0,0,3,0,2,0,0,0,0,0,0,0,0,0,0,0,0,16,0,0
OTU782,0,0,0,0,0,0,0,1,0,0,0,0,0,0,0,0,3,1,0,0,0,0,1,1,0
OTU751,0,0,0,0,0,0,0,0,18,0,0,0,0,0,3,0,3,0,0,0,0,1,0,0,0
OTU275,0,0,0,0,0,0,0,0,111,41,5,0,2153,483,2,0,49,2,20,1,6,10,2,1,6
OTU738,0,0,0,0,0,0,0,0,4,0,1,1,0,0,0,0,1,1,26,0,0,0,0,0,0
OTU639,0,0,0,0,0,0,0,0,34,0,0,0,0,0,0,0,0,0,0,0,0,1,0,0,0
OTU551,0,0,0,0,0,0,0,0,23,0,0,0,0,0,0,0,0,0,0,0,0,0,0,0,0
OTU203,0,0,0,0,0,0,0,0,6,5,1,4,1,0,0,0,8,3,0,0,0,7,50,93,1
OTU689,0,0,0,0,0,0,0,0,1,0,0,0,0,0,0,0,0,0,27,0,0,0,0,0,2
OTU184,0,0,0,0,0,0,0,0,2,0,0,0,1,9,472,0,15,0,0,2,0,0,1,75,1
OTU571,0,0,0,0,0,0,0,0,0,1,78,0,3,1,1,0,0,3,0,0,9,17,0,0,6
OTU589,0,0,0,0,0,0,0,0,0,0,1,0,0,0,0,3,0,0,0,0,0,0,0,0,0
OTU692,0,0,0,0,0,0,0,0,0,0,2,0,0,0,0,1,0,0,0,0,0,0,2,0,1
OTU700,0,0,0,0,0,0,0,0,0,0,0,26,0,0,0,0,0,0,0,1,0,0,0,0,0
OTU245,0,0,0,0,0,0,0,0,0,0,0,0,5,0,0,29,222,47,7,0,0,0,0,0,0
OTU439,0,0,0,0,0,0,0,0,0,0,0,0,0,9,0,0,0,0,0,1,0,0,0,0,0
